    1   0.83317E+03   0.33418E-15   0.00000E+00   0.33418E-15
    2   0.95582E+03   0.25532E-18   0.00000E+00   0.25532E-18
    3   0.97605E+03   0.41549E-18   0.00000E+00   0.41549E-18
    4   0.10694E+04   0.45472E-18   0.00000E+00   0.45472E-18
    5   0.12470E+04  -0.36118E-12   0.00000E+00  -0.36118E-12
    6   0.13961E+04   0.11130E-17   0.00000E+00   0.11130E-17
    7   0.14947E+04   0.50718E-03   0.00000E+00   0.50718E-03
    8   0.17210E+04   0.90124E-18   0.00000E+00   0.90124E-18
    9   0.31539E+04   0.50252E-03   0.00000E+00   0.50252E-03
   10   0.31693E+04   0.73184E-18   0.00000E+00   0.73184E-18
   11   0.32236E+04  -0.99603E-12   0.00000E+00  -0.99603E-12
   12   0.32491E+04   0.23479E-14   0.00000E+00   0.23479E-14
