   3047.5248799999999     
   457.36951800000003     
   103.94868500000000     
   29.210155300000000     
   9.2866629599999992     
   3.1639269600000000     
   7.8682723499999998     
   1.8812885399999999     
  0.54424925800000001     
  0.16871447800000000     
  0.80000000000000004     
   3047.5248799999999     
   457.36951800000003     
   103.94868500000000     
   29.210155300000000     
   9.2866629599999992     
   3.1639269600000000     
   7.8682723499999998     
   1.8812885399999999     
  0.54424925800000001     
  0.16871447800000000     
  0.80000000000000004     
   18.731137000000000     
   2.8253943600000002     
  0.64012169200000002     
  0.16127775899999999     
   18.731137000000000     
   2.8253943600000002     
  0.64012169200000002     
  0.16127775899999999     
   18.731137000000000     
   2.8253943600000002     
  0.64012169200000002     
  0.16127775899999999     
   18.731137000000000     
   2.8253943600000002     
  0.64012169200000002     
  0.16127775899999999     
