  0.70178076499999997     
   3.4396098200000003E-002
   0.0000000000000000     
   0.0000000000000000     
   3.0007615999999999E-004
  -6.0286838400000001E-003
   0.0000000000000000     
   0.0000000000000000     
  -7.1845969500000000E-004
  -7.0085538799999998E-003
  -6.8336833199999997E-003
  -6.6916283300000002E-003
   0.0000000000000000     
   0.0000000000000000     
   0.0000000000000000     
  0.70178076499999997     
   3.4396098200000003E-002
   0.0000000000000000     
   0.0000000000000000     
  -3.0007615999999999E-004
  -6.0286838400000001E-003
   0.0000000000000000     
   0.0000000000000000     
   7.1845969500000000E-004
  -7.0085538799999998E-003
  -6.8336833199999997E-003
  -6.6916283300000002E-003
   0.0000000000000000     
   0.0000000000000000     
   0.0000000000000000     
  -2.9252990899999998E-004
   1.5628997600000000E-003
  -2.9252990899999998E-004
   1.5628997600000000E-003
  -2.9252990899999998E-004
   1.5628997600000000E-003
  -2.9252990899999998E-004
   1.5628997600000000E-003
  0.70213169900000005     
   3.5187902399999998E-002
   0.0000000000000000     
   0.0000000000000000     
  -3.1386741399999998E-004
  -1.2425510100000000E-002
   0.0000000000000000     
   0.0000000000000000     
   2.0176947999999998E-003
  -6.8239248500000004E-003
  -6.5556064400000003E-003
  -6.2784098199999997E-003
   0.0000000000000000     
   0.0000000000000000     
   0.0000000000000000     
 -0.70213169900000005     
  -3.5187902399999998E-002
   0.0000000000000000     
   0.0000000000000000     
  -3.1386741399999998E-004
   1.2425510100000000E-002
   0.0000000000000000     
   0.0000000000000000     
   2.0176947999999998E-003
   6.8239248500000004E-003
   6.5556064400000003E-003
   6.2784098199999997E-003
   0.0000000000000000     
   0.0000000000000000     
   0.0000000000000000     
  -1.8488591400000001E-004
   1.5466340100000000E-003
  -1.8488591400000001E-004
   1.5466340100000000E-003
   1.8488591400000001E-004
  -1.5466340100000000E-003
   1.8488591400000001E-004
  -1.5466340100000000E-003
 -0.16042693999999999     
  0.31010132000000001     
   0.0000000000000000     
   0.0000000000000000     
 -0.10006253699999999     
  0.23282948700000000     
   0.0000000000000000     
   0.0000000000000000     
  -4.2845950500000002E-003
  -1.6727886399999999E-002
  -1.5958704900000001E-004
   8.0058531300000006E-003
   0.0000000000000000     
   0.0000000000000000     
   0.0000000000000000     
 -0.16042693999999999     
  0.31010132000000001     
   0.0000000000000000     
   0.0000000000000000     
  0.10006253699999999     
  0.23282948700000000     
   0.0000000000000000     
   0.0000000000000000     
   4.2845950500000002E-003
  -1.6727886399999999E-002
  -1.5958704900000001E-004
   8.0058531300000006E-003
   0.0000000000000000     
   0.0000000000000000     
   0.0000000000000000     
   8.4359786000000006E-002
   1.7807483200000002E-002
   8.4359786000000006E-002
   1.7807483200000002E-002
   8.4359786000000006E-002
   1.7807483200000002E-002
   8.4359786000000006E-002
   1.7807483200000002E-002
 -0.12306708500000001     
  0.24741717799999999     
   0.0000000000000000     
   0.0000000000000000     
  0.17213126800000000     
  0.23071046300000000     
   0.0000000000000000     
   0.0000000000000000     
   6.9904337200000000E-002
  -1.1344788900000000E-002
   1.3454685900000001E-002
  -8.1085420599999996E-003
   0.0000000000000000     
   0.0000000000000000     
   0.0000000000000000     
  0.12306708500000001     
 -0.24741717799999999     
   0.0000000000000000     
   0.0000000000000000     
  0.17213126800000000     
 -0.23071046300000000     
   0.0000000000000000     
   0.0000000000000000     
   6.9904337200000000E-002
   1.1344788900000000E-002
  -1.3454685900000001E-002
   8.1085420599999996E-003
   0.0000000000000000     
   0.0000000000000000     
   0.0000000000000000     
  0.14591583899999999     
   6.5822032700000005E-002
  0.14591583899999999     
   6.5822032700000005E-002
 -0.14591583899999999     
  -6.5822032700000005E-002
 -0.14591583899999999     
  -6.5822032700000005E-002
   0.0000000000000000     
   0.0000000000000000     
   0.0000000000000000     
  0.33112782000000002     
   0.0000000000000000     
   0.0000000000000000     
   0.0000000000000000     
  0.12107236500000000     
   0.0000000000000000     
   0.0000000000000000     
   0.0000000000000000     
   0.0000000000000000     
   0.0000000000000000     
   0.0000000000000000     
   6.1214051700000001E-003
   0.0000000000000000     
   0.0000000000000000     
   0.0000000000000000     
  0.33112782000000002     
   0.0000000000000000     
   0.0000000000000000     
   0.0000000000000000     
  0.12107236500000000     
   0.0000000000000000     
   0.0000000000000000     
   0.0000000000000000     
   0.0000000000000000     
   0.0000000000000000     
   0.0000000000000000     
  -6.1214051700000001E-003
  0.15525729199999999     
  0.11204166400000000     
 -0.15525729199999999     
 -0.11204166400000000     
 -0.15525729199999999     
 -0.11204166400000000     
  0.15525729199999999     
  0.11204166400000000     
   1.4709434900000000E-002
  -3.2701421899999999E-002
   0.0000000000000000     
   0.0000000000000000     
  0.41411667899999999     
  -3.3141364500000000E-003
   0.0000000000000000     
   0.0000000000000000     
  0.14141409099999999     
   4.9229744600000000E-004
   1.9032369000000000E-002
  -5.4051056500000003E-003
   0.0000000000000000     
   0.0000000000000000     
   0.0000000000000000     
   1.4709434900000000E-002
  -3.2701421899999999E-002
   0.0000000000000000     
   0.0000000000000000     
 -0.41411667899999999     
  -3.3141364500000000E-003
   0.0000000000000000     
   0.0000000000000000     
 -0.14141409099999999     
   4.9229744600000000E-004
   1.9032369000000000E-002
  -5.4051056500000003E-003
   0.0000000000000000     
   0.0000000000000000     
   0.0000000000000000     
  0.12488386800000000     
  0.10809392499999999     
  0.12488386800000000     
  0.10809392499999999     
  0.12488386800000000     
  0.10809392499999999     
  0.12488386800000000     
  0.10809392499999999     
   0.0000000000000000     
   0.0000000000000000     
   0.0000000000000000     
  0.30950761700000001     
   0.0000000000000000     
   0.0000000000000000     
   0.0000000000000000     
  0.11681715199999999     
   0.0000000000000000     
   0.0000000000000000     
   0.0000000000000000     
   0.0000000000000000     
   0.0000000000000000     
   0.0000000000000000     
   3.0610953400000002E-002
   0.0000000000000000     
   0.0000000000000000     
   0.0000000000000000     
 -0.30950761700000001     
   0.0000000000000000     
   0.0000000000000000     
   0.0000000000000000     
 -0.11681715199999999     
   0.0000000000000000     
   0.0000000000000000     
   0.0000000000000000     
   0.0000000000000000     
   0.0000000000000000     
   0.0000000000000000     
   3.0610953400000002E-002
  0.19728193599999999     
  0.19702610200000001     
 -0.19728193599999999     
 -0.19702610200000001     
  0.19728193599999999     
  0.19702610200000001     
 -0.19728193599999999     
 -0.19702610200000001     
   0.0000000000000000     
   0.0000000000000000     
  0.40146295599999998     
   0.0000000000000000     
   0.0000000000000000     
   0.0000000000000000     
  0.28449538200000002     
   0.0000000000000000     
   0.0000000000000000     
   0.0000000000000000     
   0.0000000000000000     
   0.0000000000000000     
   0.0000000000000000     
  -1.6107476400000001E-002
   0.0000000000000000     
   0.0000000000000000     
   0.0000000000000000     
  0.40146295599999998     
   0.0000000000000000     
   0.0000000000000000     
   0.0000000000000000     
  0.28449538200000002     
   0.0000000000000000     
   0.0000000000000000     
   0.0000000000000000     
   0.0000000000000000     
   0.0000000000000000     
   0.0000000000000000     
   1.6107476400000001E-002
   0.0000000000000000     
   0.0000000000000000     
   0.0000000000000000     
   0.0000000000000000     
   0.0000000000000000     
   0.0000000000000000     
   0.0000000000000000     
   0.0000000000000000     
   0.0000000000000000     
   0.0000000000000000     
   0.0000000000000000     
  0.41895202799999998     
   0.0000000000000000     
   0.0000000000000000     
   0.0000000000000000     
  0.63226040900000002     
   0.0000000000000000     
   0.0000000000000000     
   0.0000000000000000     
   0.0000000000000000     
   0.0000000000000000     
   0.0000000000000000     
   2.5086745399999999E-002
   0.0000000000000000     
   0.0000000000000000     
   0.0000000000000000     
 -0.41895202799999998     
   0.0000000000000000     
   0.0000000000000000     
   0.0000000000000000     
 -0.63226040900000002     
   0.0000000000000000     
   0.0000000000000000     
   0.0000000000000000     
   0.0000000000000000     
   0.0000000000000000     
   0.0000000000000000     
   2.5086745399999999E-002
   0.0000000000000000     
   0.0000000000000000     
   0.0000000000000000     
   0.0000000000000000     
   0.0000000000000000     
   0.0000000000000000     
   0.0000000000000000     
   0.0000000000000000     
   0.0000000000000000     
  -8.1730168100000000E-002
  0.12697204700000000     
   0.0000000000000000     
   0.0000000000000000     
  0.18349825000000000     
   1.3821582699999999     
   0.0000000000000000     
   0.0000000000000000     
  0.59242221399999995     
  -3.5158097100000001E-003
  -1.3846417999999999E-002
   4.4317537299999998E-003
   0.0000000000000000     
   0.0000000000000000     
   0.0000000000000000     
  -8.1730168100000000E-002
  0.12697204700000000     
   0.0000000000000000     
   0.0000000000000000     
 -0.18349825000000000     
   1.3821582699999999     
   0.0000000000000000     
   0.0000000000000000     
 -0.59242221399999995     
  -3.5158097100000001E-003
  -1.3846417999999999E-002
   4.4317537299999998E-003
   0.0000000000000000     
   0.0000000000000000     
   0.0000000000000000     
  -4.0170658800000002E-002
 -0.97807400400000000     
  -4.0170658800000002E-002
 -0.97807400400000000     
  -4.0170658800000002E-002
 -0.97807400400000000     
  -4.0170658800000002E-002
 -0.97807400400000000     
   0.0000000000000000     
   0.0000000000000000     
   0.0000000000000000     
 -0.30458339099999998     
   0.0000000000000000     
   0.0000000000000000     
   0.0000000000000000     
 -0.70903396200000002     
   0.0000000000000000     
   0.0000000000000000     
   0.0000000000000000     
   0.0000000000000000     
   0.0000000000000000     
   0.0000000000000000     
   2.6419062300000001E-002
   0.0000000000000000     
   0.0000000000000000     
   0.0000000000000000     
 -0.30458339099999998     
   0.0000000000000000     
   0.0000000000000000     
   0.0000000000000000     
 -0.70903396200000002     
   0.0000000000000000     
   0.0000000000000000     
   0.0000000000000000     
   0.0000000000000000     
   0.0000000000000000     
   0.0000000000000000     
  -2.6419062300000001E-002
   7.7210148100000001E-002
  0.99892448800000000     
  -7.7210148100000001E-002
 -0.99892448800000000     
  -7.7210148100000001E-002
 -0.99892448800000000     
   7.7210148100000001E-002
  0.99892448800000000     
 -0.11430662599999999     
  0.16084597000000000     
   0.0000000000000000     
   0.0000000000000000     
  0.11622056700000000     
   1.8287394699999999     
   0.0000000000000000     
   0.0000000000000000     
  0.10471717300000000     
  -9.5980204499999996E-003
  -1.8140325600000001E-003
  -9.0901499600000001E-003
   0.0000000000000000     
   0.0000000000000000     
   0.0000000000000000     
  0.11430662599999999     
 -0.16084597000000000     
   0.0000000000000000     
   0.0000000000000000     
  0.11622056700000000     
  -1.8287394699999999     
   0.0000000000000000     
   0.0000000000000000     
  0.10471717300000000     
   9.5980204499999996E-003
   1.8140325600000001E-003
   9.0901499600000001E-003
   0.0000000000000000     
   0.0000000000000000     
   0.0000000000000000     
  -5.2217652099999998E-002
 -0.99735049499999995     
  -5.2217652099999998E-002
 -0.99735049499999995     
   5.2217652099999998E-002
  0.99735049499999995     
   5.2217652099999998E-002
  0.99735049499999995     
   0.0000000000000000     
   0.0000000000000000     
   0.0000000000000000     
  0.32875798200000000     
   0.0000000000000000     
   0.0000000000000000     
   0.0000000000000000     
   1.6554079700000000     
   0.0000000000000000     
   0.0000000000000000     
   0.0000000000000000     
   0.0000000000000000     
   0.0000000000000000     
   0.0000000000000000     
   1.8986903800000000E-002
   0.0000000000000000     
   0.0000000000000000     
   0.0000000000000000     
 -0.32875798200000000     
   0.0000000000000000     
   0.0000000000000000     
   0.0000000000000000     
  -1.6554079700000000     
   0.0000000000000000     
   0.0000000000000000     
   0.0000000000000000     
   0.0000000000000000     
   0.0000000000000000     
   0.0000000000000000     
   1.8986903800000000E-002
   1.8378057999999999E-002
  -1.4819402399999999     
  -1.8378057999999999E-002
   1.4819402399999999     
   1.8378057999999999E-002
  -1.4819402399999999     
  -1.8378057999999999E-002
   1.4819402399999999     
  -7.1297290700000002E-002
   3.3323840500000000E-002
   0.0000000000000000     
   0.0000000000000000     
 -0.19882615500000000     
   2.9708266499999998     
   0.0000000000000000     
   0.0000000000000000     
  -2.8498046700000002     
  -1.0103213900000000E-002
   2.5875425699999999E-002
  -1.9732753499999998E-002
   0.0000000000000000     
   0.0000000000000000     
   0.0000000000000000     
   7.1297290700000002E-002
  -3.3323840500000000E-002
   0.0000000000000000     
   0.0000000000000000     
 -0.19882615500000000     
  -2.9708266499999998     
   0.0000000000000000     
   0.0000000000000000     
  -2.8498046700000002     
   1.0103213900000000E-002
  -2.5875425699999999E-002
   1.9732753499999998E-002
   0.0000000000000000     
   0.0000000000000000     
   0.0000000000000000     
   8.3384016000000005E-002
  0.55392613400000001     
   8.3384016000000005E-002
  0.55392613400000001     
  -8.3384016000000005E-002
 -0.55392613400000001     
  -8.3384016000000005E-002
 -0.55392613400000001     
   2.0334966600000001E-002
  0.19169990400000000     
   0.0000000000000000     
   0.0000000000000000     
 -0.56084805699999996     
  0.28726204200000000     
   0.0000000000000000     
   0.0000000000000000     
   1.0635450600000000     
  -3.7891006600000001E-003
  -3.7120234100000003E-002
   7.7002479099999993E-002
   0.0000000000000000     
   0.0000000000000000     
   0.0000000000000000     
   2.0334966600000001E-002
  0.19169990400000000     
   0.0000000000000000     
   0.0000000000000000     
  0.56084805699999996     
  0.28726204200000000     
   0.0000000000000000     
   0.0000000000000000     
  -1.0635450600000000     
  -3.7891006600000001E-003
  -3.7120234100000003E-002
   7.7002479099999993E-002
   0.0000000000000000     
   0.0000000000000000     
   0.0000000000000000     
  -6.7534572700000003E-002
 -0.12724407900000001     
  -6.7534572700000003E-002
 -0.12724407900000001     
  -6.7534572700000003E-002
 -0.12724407900000001     
  -6.7534572700000003E-002
 -0.12724407900000001     
   0.0000000000000000     
   0.0000000000000000     
  0.72982440999999998     
   0.0000000000000000     
   0.0000000000000000     
   0.0000000000000000     
 -0.65002319300000000     
   0.0000000000000000     
   0.0000000000000000     
   0.0000000000000000     
   0.0000000000000000     
   0.0000000000000000     
   0.0000000000000000     
  -5.5751957700000000E-002
   0.0000000000000000     
   0.0000000000000000     
   0.0000000000000000     
  0.72982440999999998     
   0.0000000000000000     
   0.0000000000000000     
   0.0000000000000000     
 -0.65002319300000000     
   0.0000000000000000     
   0.0000000000000000     
   0.0000000000000000     
   0.0000000000000000     
   0.0000000000000000     
   0.0000000000000000     
   5.5751957700000000E-002
   0.0000000000000000     
   0.0000000000000000     
   0.0000000000000000     
   0.0000000000000000     
   0.0000000000000000     
   0.0000000000000000     
   0.0000000000000000     
   0.0000000000000000     
   0.0000000000000000     
   0.0000000000000000     
   0.0000000000000000     
   0.0000000000000000     
 -0.40723990700000001     
   0.0000000000000000     
   0.0000000000000000     
   0.0000000000000000     
  0.77041657600000002     
   0.0000000000000000     
   0.0000000000000000     
   0.0000000000000000     
   0.0000000000000000     
   0.0000000000000000     
   0.0000000000000000     
  -9.4913585999999994E-002
   0.0000000000000000     
   0.0000000000000000     
   0.0000000000000000     
 -0.40723990700000001     
   0.0000000000000000     
   0.0000000000000000     
   0.0000000000000000     
  0.77041657600000002     
   0.0000000000000000     
   0.0000000000000000     
   0.0000000000000000     
   0.0000000000000000     
   0.0000000000000000     
   0.0000000000000000     
   9.4913585999999994E-002
 -0.38408749700000000     
  -6.3709720200000000E-002
  0.38408749700000000     
   6.3709720200000000E-002
  0.38408749700000000     
   6.3709720200000000E-002
 -0.38408749700000000     
  -6.3709720200000000E-002
   0.0000000000000000     
   0.0000000000000000     
 -0.78418134799999994     
   0.0000000000000000     
   0.0000000000000000     
   0.0000000000000000     
   1.1394744500000000     
   0.0000000000000000     
   0.0000000000000000     
   0.0000000000000000     
   0.0000000000000000     
   0.0000000000000000     
   0.0000000000000000     
  -1.9876583999999999E-002
   0.0000000000000000     
   0.0000000000000000     
   0.0000000000000000     
  0.78418134799999994     
   0.0000000000000000     
   0.0000000000000000     
   0.0000000000000000     
  -1.1394744500000000     
   0.0000000000000000     
   0.0000000000000000     
   0.0000000000000000     
   0.0000000000000000     
   0.0000000000000000     
   0.0000000000000000     
  -1.9876583999999999E-002
   0.0000000000000000     
   0.0000000000000000     
   0.0000000000000000     
   0.0000000000000000     
   0.0000000000000000     
   0.0000000000000000     
   0.0000000000000000     
   0.0000000000000000     
   0.0000000000000000     
  -3.7887651600000002E-002
 -0.70921935999999997     
   0.0000000000000000     
   0.0000000000000000     
   3.1329159600000003E-002
   1.3552982200000001     
   0.0000000000000000     
   0.0000000000000000     
  0.34236484900000003     
   5.8092885699999999E-002
 -0.14911578800000000     
  -7.7157936299999993E-002
   0.0000000000000000     
   0.0000000000000000     
   0.0000000000000000     
  -3.7887651600000002E-002
 -0.70921935999999997     
   0.0000000000000000     
   0.0000000000000000     
  -3.1329159600000003E-002
   1.3552982200000001     
   0.0000000000000000     
   0.0000000000000000     
 -0.34236484900000003     
   5.8092885699999999E-002
 -0.14911578800000000     
  -7.7157936299999993E-002
   0.0000000000000000     
   0.0000000000000000     
   0.0000000000000000     
 -0.42760239900000002     
 -0.16238695400000000     
 -0.42760239900000002     
 -0.16238695400000000     
 -0.42760239900000002     
 -0.16238695400000000     
 -0.42760239900000002     
 -0.16238695400000000     
  -8.7954491600000004E-002
   3.5395418099999999E-002
   0.0000000000000000     
   0.0000000000000000     
 -0.63602484800000003     
  0.41713056300000001     
   0.0000000000000000     
   0.0000000000000000     
  0.74016425500000005     
   8.9184358599999999E-002
  -4.2930204000000000E-002
 -0.16252303900000001     
   0.0000000000000000     
   0.0000000000000000     
   0.0000000000000000     
   8.7954491600000004E-002
  -3.5395418099999999E-002
   0.0000000000000000     
   0.0000000000000000     
 -0.63602484800000003     
 -0.41713056300000001     
   0.0000000000000000     
   0.0000000000000000     
  0.74016425500000005     
  -8.9184358599999999E-002
   4.2930204000000000E-002
  0.16252303900000001     
   0.0000000000000000     
   0.0000000000000000     
   0.0000000000000000     
 -0.36324457199999999     
 -0.10263421900000000     
 -0.36324457199999999     
 -0.10263421900000000     
  0.36324457199999999     
  0.10263421900000000     
  0.36324457199999999     
  0.10263421900000000     
   0.0000000000000000     
   0.0000000000000000     
   0.0000000000000000     
 -0.66407428000000002     
   0.0000000000000000     
   0.0000000000000000     
   0.0000000000000000     
   1.1381070700000000     
   0.0000000000000000     
   0.0000000000000000     
   0.0000000000000000     
   0.0000000000000000     
   0.0000000000000000     
   0.0000000000000000     
  0.16833718100000000     
   0.0000000000000000     
   0.0000000000000000     
   0.0000000000000000     
 -0.66407428000000002     
   0.0000000000000000     
   0.0000000000000000     
   0.0000000000000000     
   1.1381070700000000     
   0.0000000000000000     
   0.0000000000000000     
   0.0000000000000000     
   0.0000000000000000     
   0.0000000000000000     
   0.0000000000000000     
 -0.16833718100000000     
  0.39415105000000000     
  -1.1290625900000000     
 -0.39415105000000000     
   1.1290625900000000     
 -0.39415105000000000     
   1.1290625900000000     
  0.39415105000000000     
  -1.1290625900000000     
   0.0000000000000000     
   0.0000000000000000     
   0.0000000000000000     
 -0.88237840599999995     
   0.0000000000000000     
   0.0000000000000000     
   0.0000000000000000     
   2.6790244200000002     
   0.0000000000000000     
   0.0000000000000000     
   0.0000000000000000     
   0.0000000000000000     
   0.0000000000000000     
   0.0000000000000000     
   1.3399503400000000E-002
   0.0000000000000000     
   0.0000000000000000     
   0.0000000000000000     
  0.88237840599999995     
   0.0000000000000000     
   0.0000000000000000     
   0.0000000000000000     
  -2.6790244200000002     
   0.0000000000000000     
   0.0000000000000000     
   0.0000000000000000     
   0.0000000000000000     
   0.0000000000000000     
   0.0000000000000000     
   1.3399503400000000E-002
  0.25194294699999997     
  -1.5017978299999999     
 -0.25194294699999997     
   1.5017978299999999     
  0.25194294699999997     
  -1.5017978299999999     
 -0.25194294699999997     
   1.5017978299999999     
   2.4225289800000001E-002
 -0.37506116900000003     
   0.0000000000000000     
   0.0000000000000000     
 -0.61281642300000005     
  0.17481316499999999     
   0.0000000000000000     
   0.0000000000000000     
   1.4283104200000001     
  -8.0962852099999996E-002
  0.11355869000000000     
 -0.10768965100000000     
   0.0000000000000000     
   0.0000000000000000     
   0.0000000000000000     
  -2.4225289800000001E-002
  0.37506116900000003     
   0.0000000000000000     
   0.0000000000000000     
 -0.61281642300000005     
 -0.17481316499999999     
   0.0000000000000000     
   0.0000000000000000     
   1.4283104200000001     
   8.0962852099999996E-002
 -0.11355869000000000     
  0.10768965100000000     
   0.0000000000000000     
   0.0000000000000000     
   0.0000000000000000     
  0.48971803200000003     
  -1.0255247199999999     
  0.48971803200000003     
  -1.0255247199999999     
 -0.48971803200000003     
   1.0255247199999999     
 -0.48971803200000003     
   1.0255247199999999     
   1.5504696599999999E-002
  -1.0151643900000000     
   0.0000000000000000     
   0.0000000000000000     
 -0.33358904099999998     
   1.9036911500000000     
   0.0000000000000000     
   0.0000000000000000     
  0.51287018100000004     
  -8.1925741299999993E-002
   4.6260746399999997E-002
 -0.10217548899999999     
   0.0000000000000000     
   0.0000000000000000     
   0.0000000000000000     
   1.5504696599999999E-002
  -1.0151643900000000     
   0.0000000000000000     
   0.0000000000000000     
  0.33358904099999998     
   1.9036911500000000     
   0.0000000000000000     
   0.0000000000000000     
 -0.51287018100000004     
  -8.1925741299999993E-002
   4.6260746399999997E-002
 -0.10217548899999999     
   0.0000000000000000     
   0.0000000000000000     
   0.0000000000000000     
  0.42393028799999999     
 -0.93409371900000004     
  0.42393028799999999     
 -0.93409371900000004     
  0.42393028799999999     
 -0.93409371900000004     
  0.42393028799999999     
 -0.93409371900000004     
  -3.2146733900000002E-002
  -1.5347132600000000     
   0.0000000000000000     
   0.0000000000000000     
  0.21600917700000000     
   5.6419772500000001     
   0.0000000000000000     
   0.0000000000000000     
  -1.8895286899999999     
  -3.2287595000000002E-002
 -0.18001289600000001     
   2.1244739799999999E-002
   0.0000000000000000     
   0.0000000000000000     
   0.0000000000000000     
   3.2146733900000002E-002
   1.5347132600000000     
   0.0000000000000000     
   0.0000000000000000     
  0.21600917700000000     
  -5.6419772500000001     
   0.0000000000000000     
   0.0000000000000000     
  -1.8895286899999999     
   3.2287595000000002E-002
  0.18001289600000001     
  -2.1244739799999999E-002
   0.0000000000000000     
   0.0000000000000000     
   0.0000000000000000     
 -0.10732064700000001     
 -0.40245736199999999     
 -0.10732064700000001     
 -0.40245736199999999     
  0.10732064700000001     
  0.40245736199999999     
  0.10732064700000001     
  0.40245736199999999     
   0.0000000000000000     
   0.0000000000000000     
   0.0000000000000000     
 -0.16332549900000001     
   0.0000000000000000     
   0.0000000000000000     
   0.0000000000000000     
   2.8996426500000001     
   0.0000000000000000     
   0.0000000000000000     
   0.0000000000000000     
   0.0000000000000000     
   0.0000000000000000     
   0.0000000000000000     
 -0.16197171599999999     
   0.0000000000000000     
   0.0000000000000000     
   0.0000000000000000     
  0.16332549900000001     
   0.0000000000000000     
   0.0000000000000000     
   0.0000000000000000     
  -2.8996426500000001     
   0.0000000000000000     
   0.0000000000000000     
   0.0000000000000000     
   0.0000000000000000     
   0.0000000000000000     
   0.0000000000000000     
 -0.16197171599999999     
 -0.66824332099999995     
 -0.83337994000000004     
  0.66824332099999995     
  0.83337994000000004     
 -0.66824332099999995     
 -0.83337994000000004     
  0.66824332099999995     
  0.83337994000000004     
   0.0000000000000000     
   0.0000000000000000     
  0.17155786900000000     
   0.0000000000000000     
   0.0000000000000000     
   0.0000000000000000     
  -3.6155318200000001E-002
   0.0000000000000000     
   0.0000000000000000     
   0.0000000000000000     
   0.0000000000000000     
   0.0000000000000000     
   0.0000000000000000     
  0.61974029600000002     
   0.0000000000000000     
   0.0000000000000000     
   0.0000000000000000     
  0.17155786900000000     
   0.0000000000000000     
   0.0000000000000000     
   0.0000000000000000     
  -3.6155318200000001E-002
   0.0000000000000000     
   0.0000000000000000     
   0.0000000000000000     
   0.0000000000000000     
   0.0000000000000000     
   0.0000000000000000     
 -0.61974029600000002     
   0.0000000000000000     
   0.0000000000000000     
   0.0000000000000000     
   0.0000000000000000     
   0.0000000000000000     
   0.0000000000000000     
   0.0000000000000000     
   0.0000000000000000     
   0.0000000000000000     
   0.0000000000000000     
   0.0000000000000000     
   0.0000000000000000     
   0.0000000000000000     
   0.0000000000000000     
   0.0000000000000000     
   0.0000000000000000     
   0.0000000000000000     
   0.0000000000000000     
   0.0000000000000000     
   0.0000000000000000     
   0.0000000000000000     
  0.68050790999999999     
   0.0000000000000000     
   0.0000000000000000     
   0.0000000000000000     
   0.0000000000000000     
   0.0000000000000000     
   0.0000000000000000     
   0.0000000000000000     
   0.0000000000000000     
   0.0000000000000000     
   0.0000000000000000     
   0.0000000000000000     
   0.0000000000000000     
   0.0000000000000000     
   0.0000000000000000     
  0.68050790999999999     
   0.0000000000000000     
   0.0000000000000000     
   0.0000000000000000     
   0.0000000000000000     
   0.0000000000000000     
   0.0000000000000000     
   0.0000000000000000     
   0.0000000000000000     
   0.0000000000000000     
   0.0000000000000000     
   0.0000000000000000     
   0.0000000000000000     
   0.0000000000000000     
   0.0000000000000000     
   0.0000000000000000     
   0.0000000000000000     
   0.0000000000000000     
   0.0000000000000000     
   0.0000000000000000     
   0.0000000000000000     
   0.0000000000000000     
   0.0000000000000000     
  0.73709015800000000     
   0.0000000000000000     
   0.0000000000000000     
   0.0000000000000000     
   0.0000000000000000     
   0.0000000000000000     
   0.0000000000000000     
   0.0000000000000000     
   0.0000000000000000     
   0.0000000000000000     
   0.0000000000000000     
   0.0000000000000000     
   0.0000000000000000     
   0.0000000000000000     
   0.0000000000000000     
 -0.73709015800000000     
   0.0000000000000000     
   0.0000000000000000     
   0.0000000000000000     
   0.0000000000000000     
   0.0000000000000000     
   0.0000000000000000     
   0.0000000000000000     
   0.0000000000000000     
   0.0000000000000000     
   0.0000000000000000     
   3.2095167700000003E-002
  0.18153985600000000     
   0.0000000000000000     
   0.0000000000000000     
  -7.7747762600000006E-002
 -0.63844148499999998     
   0.0000000000000000     
   0.0000000000000000     
 -0.23222960100000001     
  0.69777378599999995     
 -0.54409288000000000     
  -9.1532843500000002E-002
   0.0000000000000000     
   0.0000000000000000     
   0.0000000000000000     
   3.2095167700000003E-002
  0.18153985600000000     
   0.0000000000000000     
   0.0000000000000000     
   7.7747762600000006E-002
 -0.63844148499999998     
   0.0000000000000000     
   0.0000000000000000     
  0.23222960100000001     
  0.69777378599999995     
 -0.54409288000000000     
  -9.1532843500000002E-002
   0.0000000000000000     
   0.0000000000000000     
   0.0000000000000000     
  0.35812581999999998     
  0.12287573200000000     
  0.35812581999999998     
  0.12287573200000000     
  0.35812581999999998     
  0.12287573200000000     
  0.35812581999999998     
  0.12287573200000000     
   0.0000000000000000     
   0.0000000000000000     
   0.0000000000000000     
  0.24966885799999999     
   0.0000000000000000     
   0.0000000000000000     
   0.0000000000000000     
  0.21445297499999999     
   0.0000000000000000     
   0.0000000000000000     
   0.0000000000000000     
   0.0000000000000000     
   0.0000000000000000     
   0.0000000000000000     
  0.69167226400000004     
   0.0000000000000000     
   0.0000000000000000     
   0.0000000000000000     
  0.24966885799999999     
   0.0000000000000000     
   0.0000000000000000     
   0.0000000000000000     
  0.21445297499999999     
   0.0000000000000000     
   0.0000000000000000     
   0.0000000000000000     
   0.0000000000000000     
   0.0000000000000000     
   0.0000000000000000     
 -0.69167226400000004     
 -0.49937669299999998     
   8.3027241299999999E-002
  0.49937669299999998     
  -8.3027241299999999E-002
  0.49937669299999998     
  -8.3027241299999999E-002
 -0.49937669299999998     
   8.3027241299999999E-002
  -2.7918506600000000E-002
 -0.36814287800000001     
   0.0000000000000000     
   0.0000000000000000     
  0.28099866000000001     
  0.23012436300000000     
   0.0000000000000000     
   0.0000000000000000     
 -0.44515250000000001     
 -0.31475643100000000     
 -0.54676785400000005     
  0.61876063100000001     
   0.0000000000000000     
   0.0000000000000000     
   0.0000000000000000     
  -2.7918506600000000E-002
 -0.36814287800000001     
   0.0000000000000000     
   0.0000000000000000     
 -0.28099866000000001     
  0.23012436300000000     
   0.0000000000000000     
   0.0000000000000000     
  0.44515250000000001     
 -0.31475643100000000     
 -0.54676785400000005     
  0.61876063100000001     
   0.0000000000000000     
   0.0000000000000000     
   0.0000000000000000     
  0.14767003400000001     
  -4.9396773499999998E-002
  0.14767003400000001     
  -4.9396773499999998E-002
  0.14767003400000001     
  -4.9396773499999998E-002
  0.14767003400000001     
  -4.9396773499999998E-002
  -4.2062267200000003E-002
 -0.29447293899999999     
   0.0000000000000000     
   0.0000000000000000     
  0.10363305600000000     
   1.3683949900000001     
   0.0000000000000000     
   0.0000000000000000     
 -0.24951307600000000     
 -0.69567193599999999     
  0.68461981800000005     
  -4.7011875299999999E-002
   0.0000000000000000     
   0.0000000000000000     
   0.0000000000000000     
   4.2062267200000003E-002
  0.29447293899999999     
   0.0000000000000000     
   0.0000000000000000     
  0.10363305600000000     
  -1.3683949900000001     
   0.0000000000000000     
   0.0000000000000000     
 -0.24951307600000000     
  0.69567193599999999     
 -0.68461981800000005     
   4.7011875299999999E-002
   0.0000000000000000     
   0.0000000000000000     
   0.0000000000000000     
 -0.42721991700000000     
  -2.0355226200000000E-002
 -0.42721991700000000     
  -2.0355226200000000E-002
  0.42721991700000000     
   2.0355226200000000E-002
  0.42721991700000000     
   2.0355226200000000E-002
   0.0000000000000000     
   0.0000000000000000     
 -0.12114149800000000     
   0.0000000000000000     
   0.0000000000000000     
   0.0000000000000000     
 -0.27804071000000002     
   0.0000000000000000     
   0.0000000000000000     
   0.0000000000000000     
   0.0000000000000000     
   0.0000000000000000     
   0.0000000000000000     
  0.90776142100000001     
   0.0000000000000000     
   0.0000000000000000     
   0.0000000000000000     
  0.12114149800000000     
   0.0000000000000000     
   0.0000000000000000     
   0.0000000000000000     
  0.27804071000000002     
   0.0000000000000000     
   0.0000000000000000     
   0.0000000000000000     
   0.0000000000000000     
   0.0000000000000000     
   0.0000000000000000     
  0.90776142100000001     
   0.0000000000000000     
   0.0000000000000000     
   0.0000000000000000     
   0.0000000000000000     
   0.0000000000000000     
   0.0000000000000000     
   0.0000000000000000     
   0.0000000000000000     
   0.0000000000000000     
   0.0000000000000000     
   0.0000000000000000     
   0.0000000000000000     
  -8.1545847399999996E-002
   0.0000000000000000     
   0.0000000000000000     
   0.0000000000000000     
  0.52916846699999998     
   0.0000000000000000     
   0.0000000000000000     
   0.0000000000000000     
   0.0000000000000000     
   0.0000000000000000     
   0.0000000000000000     
  0.97234596500000003     
   0.0000000000000000     
   0.0000000000000000     
   0.0000000000000000     
   8.1545847399999996E-002
   0.0000000000000000     
   0.0000000000000000     
   0.0000000000000000     
 -0.52916846699999998     
   0.0000000000000000     
   0.0000000000000000     
   0.0000000000000000     
   0.0000000000000000     
   0.0000000000000000     
   0.0000000000000000     
  0.97234596500000003     
 -0.46145167999999998     
  -2.7070636700000001E-002
  0.46145167999999998     
   2.7070636700000001E-002
 -0.46145167999999998     
  -2.7070636700000001E-002
  0.46145167999999998     
   2.7070636700000001E-002
  -6.6972598100000003E-002
  0.31013077500000003     
   0.0000000000000000     
   0.0000000000000000     
 -0.78965423099999998     
   2.1635074699999999     
   0.0000000000000000     
   0.0000000000000000     
  -1.2578959500000000     
 -0.57628068099999996     
 -0.54512024000000003     
   1.1232108999999999     
   0.0000000000000000     
   0.0000000000000000     
   0.0000000000000000     
   6.6972598100000003E-002
 -0.31013077500000003     
   0.0000000000000000     
   0.0000000000000000     
 -0.78965423099999998     
  -2.1635074699999999     
   0.0000000000000000     
   0.0000000000000000     
  -1.2578959500000000     
  0.57628068099999996     
  0.54512024000000003     
  -1.1232108999999999     
   0.0000000000000000     
   0.0000000000000000     
   0.0000000000000000     
  -7.3038425500000000E-003
   6.9463109199999998E-002
  -7.3038425500000000E-003
   6.9463109199999998E-002
   7.3038425500000000E-003
  -6.9463109199999998E-002
   7.3038425500000000E-003
  -6.9463109199999998E-002
 -0.32972379299999999     
   2.2271984699999998     
   0.0000000000000000     
   0.0000000000000000     
 -0.10894864300000000     
  0.94595525800000002     
   0.0000000000000000     
   0.0000000000000000     
  0.12791699900000000     
  -1.2797134600000000     
  -1.3015618099999999     
  -1.2449361500000000     
   0.0000000000000000     
   0.0000000000000000     
   0.0000000000000000     
 -0.32972379299999999     
   2.2271984699999998     
   0.0000000000000000     
   0.0000000000000000     
  0.10894864300000000     
  0.94595525800000002     
   0.0000000000000000     
   0.0000000000000000     
 -0.12791699900000000     
  -1.2797134600000000     
  -1.3015618099999999     
  -1.2449361500000000     
   0.0000000000000000     
   0.0000000000000000     
   0.0000000000000000     
  0.12980990700000000     
 -0.30635887600000000     
  0.12980990700000000     
 -0.30635887600000000     
  0.12980990700000000     
 -0.30635887600000000     
  0.12980990700000000     
 -0.30635887600000000     
 -0.34004716200000001     
   2.0149537300000002     
   0.0000000000000000     
   0.0000000000000000     
  0.35932960100000000     
   1.9248740799999999     
   0.0000000000000000     
   0.0000000000000000     
 -0.18718154700000000     
  -1.2529074899999999     
  -1.2786876599999999     
  -1.7096540400000000     
   0.0000000000000000     
   0.0000000000000000     
   0.0000000000000000     
  0.34004716200000001     
  -2.0149537300000002     
   0.0000000000000000     
   0.0000000000000000     
  0.35932960100000000     
  -1.9248740799999999     
   0.0000000000000000     
   0.0000000000000000     
 -0.18718154700000000     
   1.2529074899999999     
   1.2786876599999999     
   1.7096540400000000     
   0.0000000000000000     
   0.0000000000000000     
   0.0000000000000000     
  0.10371476300000000     
 -0.34710542900000002     
  0.10371476300000000     
 -0.34710542900000002     
 -0.10371476300000000     
  0.34710542900000002     
 -0.10371476300000000     
  0.34710542900000002     
