10
Triplet
34
       3    12         0.01355
       3    14         0.00713
       3    20         0.01226
       3    23        -0.00444
       3    25        -0.00205
       3    33        -0.00591
       3    36        -0.00189
       3    38        -0.00010
       4    10         0.01385
       4    15        -0.00328
       4    19         0.00805
       4    24        -0.00603
       4    30         0.00644
       4    32        -0.00345
       4    37         0.00010
       5    13         0.00716
       5    22        -0.00387
       5    26         0.00350
       5    35         0.00033
       6    12         0.00432
       6    14        -0.00609
       6    20        -0.00284
       6    23        -0.00451
       6    25         0.00367
       6    33         0.00062
       6    36        -0.00136
       6    38         0.00014
       7    11        -0.00923
       7    17         0.00137
       7    21        -0.00329
       7    31         0.00200
       8     9         0.14156
       8    18        -0.02822
       8    34        -0.00291
Triplet
12
       3    28         0.00557
       4    29         0.00592
       5    16         0.00303
       5    27         0.00199
       6    28         0.00169
       7     9         0.01497
       7    18        -0.00285
       7    34         0.00072
       8    11        -0.00611
       8    17        -0.00694
       8    21        -0.00287
       8    31         0.00333
Singlet
33
       3    12        -0.01551
       3    14        -0.01116
       3    20        -0.01110
       3    23        -0.00061
       3    25         0.00873
       3    33         0.00120
       3    36        -0.00175
       3    38        -0.00035
       4    10        -0.01987
       4    15        -0.00114
       4    19         0.00627
       4    24         0.00661
       4    30        -0.00011
       4    32         0.00031
       4    37        -0.00064
       5    13        -0.01954
       5    22         0.00746
       5    26         0.00101
       5    35        -0.00138
       6    12         0.00173
       6    14         0.02853
       6    20         0.02547
       6    23         0.00904
       6    25        -0.00890
       6    33        -0.00110
       6    36         0.00172
       7    11        -0.00471
       7    17         0.02210
       7    21        -0.00061
       7    31        -0.00541
       8     9        -0.10645
       8    18         0.01824
       8    34         0.00043
Singlet
11
       3    28        -0.00326
       4    29        -0.00188
       5    16         0.00022
       5    27        -0.00010
       6    28         0.00037
       7     9        -0.00871
       7    34        -0.00017
       8    11         0.00430
       8    17        -0.00828
       8    21        -0.00027
       8    31         0.00100
Triplet
16
       3    16         0.00385
       3    27         0.00276
       4     9         0.01620
       4    18        -0.00592
       4    34         0.00251
       5    28         0.00094
       6    16         0.00414
       6    27         0.00339
       7    29         0.00150
       8    10         0.01091
       8    15        -0.00183
       8    19         0.00304
       8    24        -0.00427
       8    30         0.00423
       8    32        -0.00174
       8    37         0.00010
Triplet
12
       3    28        -0.00481
       4    29        -0.00160
       5    16        -0.00624
       5    27         0.00238
       6    28         0.00336
       7     9        -0.00372
       7    18         0.00477
       7    34         0.00106
       8    11         0.00859
       8    17        -0.00189
       8    21         0.00297
       8    31         0.00078
Triplet
18
       3     9         0.00054
       3    18         0.00287
       3    34         0.00562
       4    16         0.00012
       4    27         0.00775
       5    29         0.00040
       6     9         0.01810
       6    18        -0.00541
       6    34         0.00083
       7    28         0.00080
       8    12         0.00166
       8    14        -0.01433
       8    20        -0.01267
       8    23        -0.00638
       8    25         0.00560
       8    33         0.00147
       8    36        -0.00171
       8    38         0.00029
Singlet
16
       3    16        -0.00158
       3    27         0.00035
       4     9        -0.00631
       4    18         0.00038
       4    34        -0.00128
       5    28        -0.00439
       6    16         0.00343
       6    27        -0.00453
       7    29        -0.00334
       8    10        -0.00595
       8    15         0.00166
       8    19        -0.00339
       8    24         0.00196
       8    30        -0.00305
       8    32         0.00115
       8    37        -0.00010
Singlet
12
       3    28         0.00217
       4    29         0.00210
       5    16        -0.00352
       5    27         0.00098
       6    28         0.00075
       7     9         0.00592
       7    18         0.00135
       7    34         0.00026
       8    11        -0.00384
       8    17         0.00280
       8    21        -0.00053
       8    31        -0.00012
Singlet
4
       3     9        -0.00349
       6     9        -0.00569
       8    12        -0.00106
       8    14        -0.00512
