16
38
10
Triplet
34
       3    12         0.02126
       3    14         0.01069
       3    20         0.01730
       3    23        -0.00581
       3    25        -0.00203
       3    33        -0.00707
       3    36        -0.00222
       3    38        -0.00015
       4    10         0.02219
       4    15        -0.00343
       4    19         0.00915
       4    24        -0.00780
       4    30         0.00675
       4    32        -0.00393
       4    37         0.00016
       5    13         0.01195
       5    22        -0.00506
       5    26         0.00443
       5    35         0.00039
       6    12         0.00613
       6    14        -0.01091
       6    20        -0.00528
       6    23        -0.00556
       6    25         0.00458
       6    33         0.00113
       6    36        -0.00141
       6    38         0.00018
       7    11        -0.01858
       7    17         0.00150
       7    21        -0.00442
       7    31         0.00239
       8     9         0.71910
       8    18        -0.04839
       8    34        -0.00411
Triplet
12
       3    28         0.00773
       4    29         0.00872
       5    16         0.01082
       5    27         0.00754
       6    28         0.00327
       7     9         0.70373
       7    18        -0.01851
       7    34         0.00140
       8    11        -0.06683
       8    17        -0.00332
       8    21        -0.00597
       8    31         0.00249
Singlet
33
       3    12        -0.03122
       3    14        -0.01933
       3    20        -0.01476
       3    23        -0.00142
       3    25         0.01371
       3    33         0.00075
       3    36        -0.00247
       3    38        -0.00047
       4    10        -0.05812
       4    15        -0.00028
       4    19         0.00842
       4    24         0.01032
       4    30        -0.00097
       4    32         0.00025
       4    37        -0.00068
       5    13        -0.05408
       5    22         0.01277
       5    26         0.00201
       5    35        -0.00179
       6    12         0.00088
       6    14         0.07306
       6    20         0.04530
       6    23         0.01574
       6    25        -0.01420
       6    33        -0.00078
       6    36         0.00236
       7    11        -0.02147
       7    17         0.04679
       7    21        -0.00136
       7    31        -0.00742
       8     9         0.70406
       8    18         0.02567
       8    34        -0.00057
Singlet
12
       3    28        -0.00394
       4    29        -0.00143
       5    16         0.00718
       5    27         0.00457
       6    28         0.00125
       7     9         0.70167
       7    18        -0.01454
       7    34         0.00023
       8    11         0.08643
       8    17        -0.00738
       8    21         0.00202
       8    31        -0.00024
Triplet
16
       3    16         0.00650
       3    27         0.00453
       4     9         0.05113
       4    18        -0.00879
       4    34         0.00339
       5    28         0.00238
       6    16         0.00430
       6    27         0.00479
       7    29         0.00248
       8    10         0.70515
       8    15        -0.00604
       8    19         0.00624
       8    24        -0.01852
       8    30         0.00671
       8    32        -0.00262
       8    37         0.00047
Triplet
12
       3    28        -0.00690
       4    29        -0.00255
       5    16        -0.00583
       5    27         0.00247
       6    28         0.00366
       7     9         0.06705
       7    18         0.00596
       7    34         0.00110
       8    11         0.70354
       8    17        -0.00783
       8    21         0.02314
       8    31         0.00260
Triplet
18
       3     9        -0.01758
       3    18         0.00955
       3    34         0.00804
       4    16         0.00503
       4    27         0.01298
       5    29         0.00129
       6     9         0.70520
       6    18        -0.03146
       6    34         0.00021
       7    28         0.00260
       8    12         0.00605
       8    14        -0.03898
       8    20        -0.01677
       8    23        -0.00740
       8    25         0.00684
       8    33         0.00195
       8    36        -0.00149
       8    38         0.00037
Singlet
16
       3    16        -0.00337
       3    27         0.00101
       4     9        -0.04821
       4    18         0.00397
       4    34        -0.00147
       5    28        -0.00542
       6    16         0.00236
       6    27        -0.00731
       7    29        -0.00454
       8    10         0.70536
       8    15         0.00404
       8    19        -0.00910
       8    24        -0.00807
       8    30        -0.00347
       8    32         0.00134
       8    37         0.00028
Singlet
11
       3    28         0.00257
       4    29         0.00221
       5    16        -0.00132
       5    27        -0.00070
       6    28        -0.00021
       7     9        -0.08653
       7    18         0.00197
       8    11         0.70164
       8    17         0.00123
       8    21         0.01678
       8    31         0.00170
Singlet
4
       3     9        -0.02945
       6     9         0.66855
       8    12        -0.22856
       8    14        -0.00212
