$EX_STATE
 STATE =  1
 Triplet   
    5  ->   23        0.348100E-01        0.771000E-02
    6  ->   24       -0.348100E-01       -0.771000E-02
    5  ->   27        0.178200E-01        0.356000E-02
    6  ->   28       -0.178200E-01       -0.356000E-02
    5  ->   39        0.295600E-01        0.504000E-02
    6  ->   40       -0.295600E-01       -0.504000E-02
    5  ->   45       -0.102500E-01       -0.137000E-02
    6  ->   46        0.102500E-01        0.137000E-02
    5  ->   49       -0.408000E-02        0.200000E-04
    6  ->   50        0.408000E-02       -0.200000E-04
    5  ->   65       -0.129800E-01       -0.116000E-02
    6  ->   66        0.129800E-01        0.116000E-02
    5  ->   71       -0.411000E-02       -0.330000E-03
    6  ->   72        0.411000E-02        0.330000E-03
    5  ->   75       -0.250000E-03       -0.500000E-04
    6  ->   76        0.250000E-03        0.500000E-04
    7  ->   19        0.360400E-01        0.834000E-02
    8  ->   20       -0.360400E-01       -0.834000E-02
    7  ->   29       -0.671000E-02       -0.150000E-03
    8  ->   30        0.671000E-02        0.150000E-03
    7  ->   37        0.172000E-01        0.110000E-02
    8  ->   38       -0.172000E-01       -0.110000E-02
    7  ->   47       -0.138300E-01       -0.177000E-02
    8  ->   48        0.138300E-01        0.177000E-02
    7  ->   59        0.131900E-01        0.310000E-03
    8  ->   60       -0.131900E-01       -0.310000E-03
    7  ->   63       -0.738000E-02       -0.480000E-03
    8  ->   64        0.738000E-02        0.480000E-03
    7  ->   73        0.260000E-03        0.600000E-04
    8  ->   74       -0.260000E-03       -0.600000E-04
    9  ->   25        0.191100E-01        0.479000E-02
   10  ->   26       -0.191100E-01       -0.479000E-02
    9  ->   43       -0.893000E-02       -0.119000E-02
   10  ->   44        0.893000E-02        0.119000E-02
    9  ->   51        0.793000E-02        0.930000E-03
   10  ->   52       -0.793000E-02       -0.930000E-03
    9  ->   69        0.720000E-03        0.600000E-04
   10  ->   70       -0.720000E-03       -0.600000E-04
   11  ->   23        0.104500E-01        0.181000E-02
   12  ->   24       -0.104500E-01       -0.181000E-02
   11  ->   27       -0.170000E-01       -0.482000E-02
   12  ->   28        0.170000E-01        0.482000E-02
   11  ->   39       -0.812000E-02       -0.244000E-02
   12  ->   40        0.812000E-02        0.244000E-02
   11  ->   45       -0.100700E-01       -0.105000E-02
   12  ->   46        0.100700E-01        0.105000E-02
   11  ->   49        0.825000E-02        0.910000E-03
   12  ->   50       -0.825000E-02       -0.910000E-03
   11  ->   65        0.175000E-02        0.510000E-03
   12  ->   66       -0.175000E-02       -0.510000E-03
   11  ->   71       -0.277000E-02       -0.500000E-04
   12  ->   72        0.277000E-02        0.500000E-04
   11  ->   75        0.320000E-03        0.400000E-04
   12  ->   76       -0.320000E-03       -0.400000E-04
   13  ->   21       -0.278100E-01       -0.935000E-02
   14  ->   22        0.278100E-01        0.935000E-02
   13  ->   33        0.287000E-02        0.130000E-03
   14  ->   34       -0.287000E-02       -0.130000E-03
   13  ->   41       -0.771000E-02       -0.113000E-02
   14  ->   42        0.771000E-02        0.113000E-02
   13  ->   61        0.439000E-02        0.390000E-03
   14  ->   62       -0.439000E-02       -0.390000E-03
   15  ->   17        0.860660E+00        0.577540E+00
   16  ->   18       -0.860660E+00       -0.577540E+00
   15  ->   35       -0.766100E-01       -0.201700E-01
   16  ->   36        0.766100E-01        0.201700E-01
   15  ->   67       -0.702000E-02       -0.120000E-02
   16  ->   68        0.702000E-02        0.120000E-02
$END_EX_STATE
 
$EX_STATE
 STATE =  2
 Triplet   
    5  ->   55        0.133000E-01        0.216000E-02
    6  ->   56       -0.133000E-01       -0.216000E-02
    7  ->   57        0.146400E-01        0.280000E-02
    8  ->   58       -0.146400E-01       -0.280000E-02
    9  ->   31        0.138500E-01        0.779000E-02
   10  ->   32       -0.138500E-01       -0.779000E-02
    9  ->   53        0.953000E-02        0.555000E-02
   10  ->   54       -0.953000E-02       -0.555000E-02
   11  ->   55        0.496000E-02        0.158000E-02
   12  ->   56       -0.496000E-02       -0.158000E-02
   13  ->   17        0.718700E+00        0.688760E+00
   14  ->   18       -0.718700E+00       -0.688760E+00
   13  ->   35       -0.213600E-01       -0.156600E-01
   14  ->   36        0.213600E-01        0.156600E-01
   13  ->   67        0.212000E-02        0.680000E-03
   14  ->   68       -0.212000E-02       -0.680000E-03
   15  ->   21       -0.729400E-01       -0.607200E-01
   16  ->   22        0.729400E-01        0.607200E-01
   15  ->   33       -0.102600E-01        0.362000E-02
   16  ->   34        0.102600E-01       -0.362000E-02
   15  ->   41       -0.884000E-02       -0.310000E-02
   16  ->   42        0.884000E-02        0.310000E-02
   15  ->   61        0.582000E-02       -0.840000E-03
   16  ->   62       -0.582000E-02        0.840000E-03
$END_EX_STATE
 
$EX_STATE
 STATE =  3
 Singlet   
    5  ->   23       -0.467300E-01       -0.157100E-01
    6  ->   24       -0.467300E-01       -0.157100E-01
    5  ->   27       -0.304900E-01       -0.817000E-02
    6  ->   28       -0.304900E-01       -0.817000E-02
    5  ->   39       -0.258600E-01       -0.366000E-02
    6  ->   40       -0.258600E-01       -0.366000E-02
    5  ->   45       -0.203000E-02       -0.810000E-03
    6  ->   46       -0.203000E-02       -0.810000E-03
    5  ->   49        0.224400E-01        0.498000E-02
    6  ->   50        0.224400E-01        0.498000E-02
    5  ->   65        0.195000E-02       -0.450000E-03
    6  ->   66        0.195000E-02       -0.450000E-03
    5  ->   71       -0.422000E-02       -0.720000E-03
    6  ->   72       -0.422000E-02       -0.720000E-03
    5  ->   75       -0.820000E-03       -0.120000E-03
    6  ->   76       -0.820000E-03       -0.120000E-03
    7  ->   19       -0.779900E-01       -0.382500E-01
    8  ->   20       -0.779900E-01       -0.382500E-01
    7  ->   29       -0.142000E-02        0.860000E-03
    8  ->   30       -0.142000E-02        0.860000E-03
    7  ->   37        0.146900E-01        0.215000E-02
    8  ->   38        0.146900E-01        0.215000E-02
    7  ->   47        0.169300E-01        0.371000E-02
    8  ->   48        0.169300E-01        0.371000E-02
    7  ->   59       -0.108000E-02       -0.860000E-03
    8  ->   60       -0.108000E-02       -0.860000E-03
    7  ->   63        0.560000E-03       -0.600000E-04
    8  ->   64        0.560000E-03       -0.600000E-04
    7  ->   73       -0.132000E-02       -0.400000E-04
    8  ->   74       -0.132000E-02       -0.400000E-04
    9  ->   25       -0.736200E-01       -0.345400E-01
   10  ->   26       -0.736200E-01       -0.345400E-01
    9  ->   43        0.202300E-01        0.531000E-02
   10  ->   44        0.202300E-01        0.531000E-02
    9  ->   51        0.302000E-02        0.100000E-02
   10  ->   52        0.302000E-02        0.100000E-02
    9  ->   69       -0.317000E-02       -0.410000E-03
   10  ->   70       -0.317000E-02       -0.410000E-03
   11  ->   23        0.261000E-02       -0.850000E-03
   12  ->   24        0.261000E-02       -0.850000E-03
   11  ->   27        0.101590E+00        0.445300E-01
   12  ->   28        0.101590E+00        0.445300E-01
   11  ->   39        0.707700E-01        0.198300E-01
   12  ->   40        0.707700E-01        0.198300E-01
   11  ->   45        0.247800E-01        0.670000E-02
   12  ->   46        0.247800E-01        0.670000E-02
   11  ->   49       -0.231000E-01       -0.530000E-02
   12  ->   50       -0.231000E-01       -0.530000E-02
   11  ->   65       -0.188000E-02        0.320000E-03
   12  ->   66       -0.188000E-02        0.320000E-03
   11  ->   71        0.408000E-02        0.640000E-03
   12  ->   72        0.408000E-02        0.640000E-03
   13  ->   21       -0.261800E-01       -0.167600E-01
   14  ->   22       -0.261800E-01       -0.167600E-01
   13  ->   33        0.688900E-01        0.246900E-01
   14  ->   34        0.688900E-01        0.246900E-01
   13  ->   41       -0.197000E-02       -0.750000E-03
   14  ->   42       -0.197000E-02       -0.750000E-03
   13  ->   61       -0.128300E-01       -0.201000E-02
   14  ->   62       -0.128300E-01       -0.201000E-02
   15  ->   17        0.597610E+00        0.810510E+00
   16  ->   18        0.597610E+00        0.810510E+00
   15  ->   35        0.439100E-01        0.743000E-02
   16  ->   36        0.439100E-01        0.743000E-02
   15  ->   67       -0.140000E-03       -0.100000E-02
   16  ->   68       -0.140000E-03       -0.100000E-02
$END_EX_STATE
 
$EX_STATE
 STATE =  4
 Singlet   
    5  ->   55       -0.720000E-02       -0.680000E-03
    6  ->   56       -0.720000E-02       -0.680000E-03
    7  ->   57       -0.331000E-02        0.450000E-03
    8  ->   58       -0.331000E-02        0.450000E-03
    9  ->   31        0.740000E-02        0.696000E-02
   10  ->   32        0.740000E-02        0.696000E-02
    9  ->   53        0.447000E-02        0.467000E-02
   10  ->   54        0.447000E-02        0.467000E-02
   11  ->   55        0.162000E-02        0.880000E-03
   12  ->   56        0.162000E-02        0.880000E-03
   13  ->   17        0.692960E+00        0.710380E+00
   14  ->   18        0.692960E+00        0.710380E+00
   13  ->   35       -0.145400E-01       -0.145400E-01
   14  ->   36       -0.145400E-01       -0.145400E-01
   13  ->   67        0.600000E-04        0.400000E-03
   14  ->   68        0.600000E-04        0.400000E-03
   15  ->   21        0.907300E-01        0.821300E-01
   16  ->   22        0.907300E-01        0.821300E-01
   15  ->   33       -0.156600E-01        0.900000E-03
   16  ->   34       -0.156600E-01        0.900000E-03
   15  ->   41        0.175000E-02        0.229000E-02
   16  ->   42        0.175000E-02        0.229000E-02
   15  ->   61        0.760000E-03       -0.124000E-02
   16  ->   62        0.760000E-03       -0.124000E-02
$END_EX_STATE
 
$EX_STATE
 STATE =  5
 Triplet   
    5  ->   31        0.103500E-01        0.265000E-02
    6  ->   32       -0.103500E-01       -0.265000E-02
    5  ->   53        0.729000E-02        0.177000E-02
    6  ->   54       -0.729000E-02       -0.177000E-02
    7  ->   17        0.673300E-01        0.349300E-01
    8  ->   18       -0.673300E-01       -0.349300E-01
    7  ->   35       -0.147100E-01       -0.287000E-02
    8  ->   36        0.147100E-01        0.287000E-02
    7  ->   67        0.590000E-02        0.880000E-03
    8  ->   68       -0.590000E-02       -0.880000E-03
    9  ->   55        0.332000E-02        0.144000E-02
   10  ->   56       -0.332000E-02       -0.144000E-02
   11  ->   31        0.844000E-02        0.160000E-03
   12  ->   32       -0.844000E-02       -0.160000E-03
   11  ->   53        0.818000E-02        0.140000E-02
   12  ->   54       -0.818000E-02       -0.140000E-02
   13  ->   57        0.398000E-02        0.980000E-03
   14  ->   58       -0.398000E-02       -0.980000E-03
   15  ->   19        0.716060E+00        0.694240E+00
   16  ->   20       -0.716060E+00       -0.694240E+00
   15  ->   29       -0.787000E-02       -0.421000E-02
   16  ->   30        0.787000E-02        0.421000E-02
   15  ->   37        0.928000E-02        0.320000E-02
   16  ->   38       -0.928000E-02       -0.320000E-02
   15  ->   47       -0.227900E-01       -0.142500E-01
   16  ->   48        0.227900E-01        0.142500E-01
   15  ->   59        0.109400E-01        0.248000E-02
   16  ->   60       -0.109400E-01       -0.248000E-02
   15  ->   63       -0.436000E-02       -0.880000E-03
   16  ->   64        0.436000E-02        0.880000E-03
   15  ->   73        0.570000E-03        0.370000E-03
   16  ->   74       -0.570000E-03       -0.370000E-03
$END_EX_STATE
 
$EX_STATE
 STATE =  6
 Triplet   
    5  ->   55       -0.117100E-01       -0.209000E-02
    6  ->   56        0.117100E-01        0.209000E-02
    7  ->   57       -0.415000E-02       -0.950000E-03
    8  ->   58        0.415000E-02        0.950000E-03
    9  ->   31       -0.120700E-01        0.410000E-03
   10  ->   32        0.120700E-01       -0.410000E-03
    9  ->   53        0.485000E-02        0.900000E-04
   10  ->   54       -0.485000E-02       -0.900000E-04
   11  ->   55        0.702000E-02        0.300000E-03
   12  ->   56       -0.702000E-02       -0.300000E-03
   13  ->   17        0.633300E-01        0.707700E-01
   14  ->   18       -0.633300E-01       -0.707700E-01
   13  ->   35        0.107300E-01        0.119000E-02
   14  ->   36       -0.107300E-01       -0.119000E-02
   13  ->   67        0.216000E-02        0.400000E-04
   14  ->   68       -0.216000E-02       -0.400000E-04
   15  ->   21        0.712130E+00        0.694950E+00
   16  ->   22       -0.712130E+00       -0.694950E+00
   15  ->   33       -0.972000E-02       -0.594000E-02
   16  ->   34        0.972000E-02        0.594000E-02
   15  ->   41        0.261100E-01        0.201700E-01
   16  ->   42       -0.261100E-01       -0.201700E-01
   15  ->   61        0.338000E-02        0.182000E-02
   16  ->   62       -0.338000E-02       -0.182000E-02
$END_EX_STATE
 
$EX_STATE
 STATE =  7
 Triplet   
    5  ->   17       -0.170400E-01       -0.181200E-01
    6  ->   18        0.170400E-01        0.181200E-01
    5  ->   35        0.124200E-01        0.668000E-02
    6  ->   36       -0.124200E-01       -0.668000E-02
    5  ->   67        0.136600E-01        0.242000E-02
    6  ->   68       -0.136600E-01       -0.242000E-02
    7  ->   31        0.515000E-02        0.491000E-02
    8  ->   32       -0.515000E-02       -0.491000E-02
    7  ->   53        0.207300E-01        0.523000E-02
    8  ->   54       -0.207300E-01       -0.523000E-02
    9  ->   57        0.169000E-02        0.890000E-03
   10  ->   58       -0.169000E-02       -0.890000E-03
   11  ->   17        0.723300E+00        0.687100E+00
   12  ->   18       -0.723300E+00       -0.687100E+00
   11  ->   35       -0.368700E-01       -0.260500E-01
   12  ->   36        0.368700E-01        0.260500E-01
   11  ->   67        0.104000E-02       -0.620000E-03
   12  ->   68       -0.104000E-02        0.620000E-03
   13  ->   55        0.340000E-02        0.180000E-02
   14  ->   56       -0.340000E-02       -0.180000E-02
   15  ->   23        0.771000E-02        0.439000E-02
   16  ->   24       -0.771000E-02       -0.439000E-02
   15  ->   27       -0.533100E-01       -0.246500E-01
   16  ->   28        0.533100E-01        0.246500E-01
   15  ->   39       -0.294400E-01       -0.410000E-02
   16  ->   40        0.294400E-01        0.410000E-02
   15  ->   45       -0.137800E-01       -0.102000E-02
   16  ->   46        0.137800E-01        0.102000E-02
   15  ->   49        0.124400E-01        0.124000E-02
   16  ->   50       -0.124400E-01       -0.124000E-02
   15  ->   65        0.342000E-02        0.480000E-03
   16  ->   66       -0.342000E-02       -0.480000E-03
   15  ->   71       -0.320000E-02        0.220000E-03
   16  ->   72        0.320000E-02       -0.220000E-03
   15  ->   75        0.660000E-03        0.800000E-04
   16  ->   76       -0.660000E-03       -0.800000E-04
$END_EX_STATE
 
$EX_STATE
 STATE =  8
 Singlet   
    5  ->   31       -0.495000E-02       -0.179000E-02
    6  ->   32       -0.495000E-02       -0.179000E-02
    5  ->   53        0.136000E-02        0.660000E-03
    6  ->   54        0.136000E-02        0.660000E-03
    7  ->   17       -0.545200E-01       -0.419000E-01
    8  ->   18       -0.545200E-01       -0.419000E-01
    7  ->   35        0.435000E-02        0.359000E-02
    8  ->   36        0.435000E-02        0.359000E-02
    7  ->   67       -0.275000E-02       -0.190000E-03
    8  ->   68       -0.275000E-02       -0.190000E-03
    9  ->   55       -0.981000E-02       -0.103000E-02
   10  ->   56       -0.981000E-02       -0.103000E-02
   11  ->   31        0.579000E-02       -0.107000E-02
   12  ->   32        0.579000E-02       -0.107000E-02
   11  ->   53       -0.118400E-01       -0.278000E-02
   12  ->   54       -0.118400E-01       -0.278000E-02
   13  ->   57       -0.788000E-02       -0.120000E-02
   14  ->   58       -0.788000E-02       -0.120000E-02
   15  ->   19        0.699410E+00        0.711310E+00
   16  ->   20        0.699410E+00        0.711310E+00
   15  ->   29        0.570000E-02        0.238000E-02
   16  ->   30        0.570000E-02        0.238000E-02
   15  ->   37       -0.124900E-01       -0.571000E-02
   16  ->   38       -0.124900E-01       -0.571000E-02
   15  ->   47       -0.611000E-02       -0.100300E-01
   16  ->   48       -0.611000E-02       -0.100300E-01
   15  ->   59       -0.652000E-02       -0.420000E-03
   16  ->   60       -0.652000E-02       -0.420000E-03
   15  ->   63        0.249000E-02        0.190000E-03
   16  ->   64        0.249000E-02        0.190000E-03
   15  ->   73        0.180000E-03        0.380000E-03
   16  ->   74        0.180000E-03        0.380000E-03
$END_EX_STATE
 
$EX_STATE
 STATE =  9
 Singlet   
    5  ->   55        0.474000E-02        0.400000E-03
    6  ->   56        0.474000E-02        0.400000E-03
    7  ->   57        0.431000E-02        0.110000E-03
    8  ->   58        0.431000E-02        0.110000E-03
    9  ->   31       -0.484000E-02        0.220000E-02
   10  ->   32       -0.484000E-02        0.220000E-02
    9  ->   53        0.280000E-03       -0.168000E-02
   10  ->   54        0.280000E-03       -0.168000E-02
   11  ->   55        0.540000E-03       -0.960000E-03
   12  ->   56        0.540000E-03       -0.960000E-03
   13  ->   17       -0.806100E-01       -0.924500E-01
   14  ->   18       -0.806100E-01       -0.924500E-01
   13  ->   35        0.332000E-02        0.620000E-03
   14  ->   36        0.332000E-02        0.620000E-03
   15  ->   21        0.697800E+00        0.705480E+00
   16  ->   22        0.697800E+00        0.705480E+00
   15  ->   33        0.403000E-02       -0.157000E-02
   16  ->   34        0.403000E-02       -0.157000E-02
   15  ->   41        0.162500E-01        0.173100E-01
   16  ->   42        0.162500E-01        0.173100E-01
   15  ->   61        0.158000E-02        0.182000E-02
   16  ->   62        0.158000E-02        0.182000E-02
   13  ->   67        0.260000E-03       -0.260000E-03
   14  ->   68        0.260000E-03       -0.260000E-03
$END_EX_STATE
 
$EX_STATE
 STATE = 10
 Singlet   
    5  ->   17       -0.329400E-01       -0.259600E-01
    6  ->   18       -0.329400E-01       -0.259600E-01
   11  ->   17        0.662860E+00        0.674240E+00
   12  ->   18        0.662860E+00        0.674240E+00
   15  ->   23       -0.229620E+00       -0.227500E+00
   16  ->   24       -0.229620E+00       -0.227500E+00
   15  ->   27       -0.724000E-02        0.300000E-02
   16  ->   28       -0.724000E-02        0.300000E-02
$END_EX_STATE
 
