   0.0000000000000000     
   0.0000000000000000     
   0.0000000000000000     
  0.45835740567094696     
   0.0000000000000000     
   0.0000000000000000     
   0.0000000000000000     
   6.2955582825376305E-002
   0.0000000000000000     
   0.0000000000000000     
   0.0000000000000000     
   0.0000000000000000     
   6.9582262769986709E-018
   3.7490714908150502E-018
  -4.9020719032002044E-002
   0.0000000000000000     
   0.0000000000000000     
  -1.1513176530739416E-019
   1.1937887927063143E-002
   0.0000000000000000     
   0.0000000000000000     
  -1.3640610991759429E-019
   2.5114645955416792E-002
   0.0000000000000000     
   0.0000000000000000     
   0.0000000000000000     
   0.0000000000000000     
  -1.6783376246913625E-018
  -2.8254095032114202E-019
   2.8009552975945547E-002
   2.4622803125254489E-002
   2.0887570855045508E-002
  -2.4622803125254486E-002
  -2.0887570855045508E-002
  -9.1465226245902810E-005
  -4.0510126070132787E-003
   9.1465226245902810E-005
   4.0510126070132787E-003
   0.0000000000000000     
   0.0000000000000000     
  0.21903209057648559     
   0.0000000000000000     
   0.0000000000000000     
   0.0000000000000000     
  0.22093788041650225     
   0.0000000000000000     
   0.0000000000000000     
   0.0000000000000000     
   0.0000000000000000     
   2.8179002949430750E-017
   1.4749856519504816E-017
 -0.20813119585789847     
   0.0000000000000000     
   0.0000000000000000     
  -3.2410958972823885E-018
  0.58379122147450380     
   0.0000000000000000     
   0.0000000000000000     
  -2.3636904455595904E-018
  0.22934365018512831     
   0.0000000000000000     
   0.0000000000000000     
   0.0000000000000000     
   0.0000000000000000     
  -2.6422386357317557E-017
  -2.3134788355749169E-018
  0.44220439749137985     
   6.2475858401797243E-002
   6.8088148401993370E-002
  -6.2475858401797243E-002
  -6.8088148401993370E-002
  -3.5461986108003468E-002
  -6.2493172173544748E-002
   3.5461986108003468E-002
   6.2493172173544748E-002
   0.0000000000000000     
   2.9948513479581657E-017
   1.5668663080053378E-017
   0.0000000000000000     
   0.0000000000000000     
   2.3502013716380040E-017
   1.1242052921954496E-017
   0.0000000000000000     
  -9.5254888711754118E-018
   9.5254888711754133E-018
  0.34271059094217904     
   0.0000000000000000     
  -2.9581101891842824E-017
  -2.3358973121861935E-019
  -2.7721790253279617E-018
   0.0000000000000000     
   7.5371780623456315E-017
  -2.4762559682974012E-018
  -3.5905374729932272E-018
   0.0000000000000000     
   2.7475079661855697E-017
  -3.2615157321931267E-018
  -2.9283107177031057E-018
  -6.6391560776696362E-019
  -3.2157209505479996E-018
  0.17684816955960156     
   0.0000000000000000     
   5.9293615892640464E-017
   3.8972802509561157E-018
   8.3807775061281553E-018
   8.6273811522561660E-018
  -6.2290223150549382E-019
  -5.6117197226414298E-019
  -4.9726434109987332E-018
   5.3267979619643198E-018
   6.7296875216759390E-018
   0.0000000000000000     
  -10.470910784935324     
 -0.10319506084851804     
  -6.3546276936078298E-018
   0.0000000000000000     
  -1.5470834215162481     
 -0.20256732089565740     
  0.12686230025757525     
 -0.17386610632930211     
   1.5440230149707047E-018
   4.3104758641952652E-018
   0.0000000000000000     
   1.1937887927063150E-002
  0.58379122147450380     
  -7.4379124944620261E-017
   0.0000000000000000     
  0.79465589325700758     
  0.59049207065969167     
  -6.9463718519939078E-017
   0.0000000000000000     
  0.46708253888946016     
   9.7247390432303682E-002
  0.30263591984612231     
   1.3350800804973872     
  -2.2907200507765967E-018
  -1.6896760815355035E-016
   0.0000000000000000     
 -0.44433452621386788     
 -0.37619194771329412     
 -0.44433452621386788     
 -0.37619194771329412     
   3.1385524489622264E-002
  0.22112750140159884     
   3.1385524489622264E-002
  0.22112750140159884     
   0.0000000000000000     
   0.0000000000000000     
  -2.9845419680244454E-018
   1.4022430038556417     
   0.0000000000000000     
   0.0000000000000000     
   0.0000000000000000     
   0.0000000000000000     
   1.7646293650569960E-018
  -1.5440230149707049E-018
  0.55061024270285430     
   0.0000000000000000     
   0.0000000000000000     
   4.4048676168206674E-018
 -0.79465589325700781     
   0.0000000000000000     
   0.0000000000000000     
  -2.4660738578307074E-019
  0.26288455539612815     
   0.0000000000000000     
   0.0000000000000000     
   0.0000000000000000     
   0.0000000000000000     
   2.0399092410966452E-017
   4.1321248741031373E-019
 -0.17422545595291955     
  0.80886758192245523     
  0.54480605561228257     
 -0.80886758192245523     
 -0.54480605561228257     
   6.2233971493945328E-002
  -1.8006935684931596E-003
  -6.2233971493945328E-002
   1.8006935684931591E-003
   0.0000000000000000     
   0.0000000000000000     
  0.16456851076863807     
   0.0000000000000000     
   0.0000000000000000     
   0.0000000000000000     
   0.0000000000000000     
   1.0883227653628096E-017
   5.4331734236260366E-018
  -8.6587454291389615E-002
   0.0000000000000000     
   0.0000000000000000     
  -6.5458000350440705E-018
  0.59049207065969167     
   0.0000000000000000     
   0.0000000000000000     
  -3.5621367745760238E-018
  0.24362727151703520     
   0.0000000000000000     
   0.0000000000000000     
   0.0000000000000000     
   0.0000000000000000     
  -7.9271101195164359E-018
   4.9248305973047037E-018
  0.18632778566727928     
   3.2462462791133004E-002
   5.1108152904927276E-002
  -3.2462462791133004E-002
  -5.1108152904927276E-002
  -7.7249044151067148E-002
  -8.4265496242467333E-002
   7.7249044151067148E-002
   8.4265496242467333E-002
   0.0000000000000000     
   1.3152048681755240E-017
   5.4283582007267975E-018
   0.0000000000000000     
  -2.2274986671005308E-018
   2.2274986671005308E-018
   5.7858937182146478E-002
   0.0000000000000000     
  -8.2211474088784434E-018
  -2.9381352079135176E-019
  -4.1046583331008120E-018
   0.0000000000000000     
   7.0496901383582540E-017
   2.1604844539159034E-018
  -3.5621367745760238E-018
   0.0000000000000000     
   2.5897334786899360E-017
   1.3126985090478905E-018
  -5.2253195783381457E-018
  -1.5412681622327194E-018
  -3.4638363360118368E-018
  0.15658021346125950     
   0.0000000000000000     
   2.0199078868429749E-017
   1.0685000650168727E-018
   4.5188763614638137E-018
   3.7449188570134797E-018
   9.0497218311272215E-019
   1.5787776878518100E-018
  -4.4881855714704027E-018
   1.2158056762081065E-017
   8.7848240019685703E-018
   0.0000000000000000     
 -0.56400106951662454     
 -0.15839718489192334     
  -3.8288073534899617E-002
 -0.30130638693773204     
   7.2180778404911741E-018
   1.8563701507260825E-017
   0.0000000000000000     
   2.5114645955416796E-002
  0.22934365018512831     
  -2.2207648712659509E-017
   0.0000000000000000     
 -0.26288455539612821     
  0.24362727151703523     
  -2.5432014775386786E-017
   0.0000000000000000     
  -5.5858021894308107E-002
  0.10508034245917697     
  0.26923410342366011     
  0.22948406306823729     
  -1.1155149963194924E-017
  -3.5243869130624358E-017
   0.0000000000000000     
 -0.21757724949380872     
 -0.22499923584189152     
 -0.21757724949380872     
 -0.22499923584189152     
  0.11595612795822705     
  0.18048768836797560     
  0.11595612795822705     
  0.18048768836797560     
   0.0000000000000000     
   0.0000000000000000     
   0.0000000000000000     
   0.0000000000000000     
   1.2197685393114000E-017
  -7.2180778404911772E-018
  -3.6695610629183473E-002
   0.0000000000000000     
   0.0000000000000000     
   7.7006999019538441E-018
 -0.46708253888946005     
   0.0000000000000000     
   0.0000000000000000     
   1.7740936693273818E-018
   5.5858021894308024E-002
   0.0000000000000000     
   0.0000000000000000     
   0.0000000000000000     
   0.0000000000000000     
  -3.0864753766390631E-018
  -1.3958327623809015E-017
  0.12054075696566918     
  0.34546065684118493     
  0.26661967173859702     
 -0.34546065684118493     
 -0.26661967173859702     
   9.0020704220838701E-002
   2.7342732792112613E-002
  -9.0020704220838701E-002
  -2.7342732792112613E-002
   0.0000000000000000     
   0.0000000000000000     
   0.0000000000000000     
   3.8150706886081231E-017
   1.8729701198257710E-017
 -0.10702935721660356     
   0.0000000000000000     
   0.0000000000000000     
  -2.4764260886957556E-018
   9.7247390432303710E-002
   0.0000000000000000     
   0.0000000000000000     
  -2.8795317533147530E-018
  0.10508034245917702     
   0.0000000000000000     
   0.0000000000000000     
   0.0000000000000000     
   0.0000000000000000     
   2.4665456935070686E-017
  -3.3931121979665061E-018
  0.13883470040696921     
   3.6687500762728663E-002
   5.1877055825773129E-002
  -3.6687500762728663E-002
  -5.1877055825773129E-002
  -4.8379462082728747E-003
  -2.3784891892726888E-002
   4.8379462082728747E-003
   2.3784891892726888E-002
   0.0000000000000000     
   0.0000000000000000     
  -2.1544725093091254E-017
   1.9704475417457115E-017
  -2.3837696193285449     
   0.0000000000000000     
   0.0000000000000000     
  -1.0583659992946389E-018
  0.30263591984612231     
   0.0000000000000000     
   0.0000000000000000     
  -1.0171667690480730E-018
  0.26923410342366028     
   0.0000000000000000     
   0.0000000000000000     
   0.0000000000000000     
   0.0000000000000000     
  -4.1269111677165286E-017
  -1.2354506430095467E-018
  0.51814763630780836     
 -0.33524070863000233     
  -6.5463879161477889E-002
  0.33524070863000233     
   6.5463879161477889E-002
  -1.9703732134340110E-002
  -7.0535713409000431E-002
   1.9703732134340110E-002
   7.0535713409000445E-002
   0.0000000000000000     
   3.4809062087076159E-017
  -1.2132919340790505E-017
   2.0975893575312043     
   0.0000000000000000     
   0.0000000000000000     
  -5.1159149560649676E-018
   1.3350800804973868     
   0.0000000000000000     
   0.0000000000000000     
  -2.0911285605751717E-018
  0.22948406306823743     
   0.0000000000000000     
   0.0000000000000000     
   0.0000000000000000     
   0.0000000000000000     
  -5.3886208091523946E-017
  -1.3345121030851478E-018
  0.51731425155885946     
  0.42443504607218546     
  0.16360538189781407     
 -0.42443504607218546     
 -0.16360538189781407     
  -7.8616736538507190E-002
  -7.6628455503650661E-002
   7.8616736538507190E-002
   7.6628455503650661E-002
   0.0000000000000000     
  -2.0770510175123404     
   2.4584069690450501E-017
   1.7463154722785899E-018
   2.7107901543360814E-017
  0.17684816955960153     
  -1.6566827845540707E-018
   2.0984634844789353E-017
   1.0964588367416012E-017
  0.15658021346125953     
  -4.5728678013193413E-018
   2.9297969218649967E-019
  -2.4108319183319011E-017
   4.1859221504411169E-017
   5.3986243060461115E-017
   0.0000000000000000     
  0.32501534670203830     
  -2.0658862875114774E-018
   1.3794243095913787E-018
  -6.3132039918318253E-018
   3.1005633121958326E-017
   6.1594517046653204E-018
  -7.4975889973459415E-019
  -1.7662573196274528E-018
   4.2827645560697761E-018
   9.4821652483530394E-018
   0.0000000000000000     
   4.6618291493613239E-017
   5.6376891787869668E-019
   3.2656301044714371E-018
   0.0000000000000000     
  -1.6906631199234156E-016
   1.1486590472026739E-018
  -1.2018439271365304E-018
   0.0000000000000000     
  -3.1571956237999903E-017
  -6.5354723187236951E-018
   4.6439403464156664E-018
   7.0338598627314622E-019
   1.6998974606722584E-018
 -0.32501534670203813     
   0.0000000000000000     
  -1.0792000175746468E-016
   9.3551808567825728E-019
  -4.3094692691673910E-018
   6.8915408482774509E-017
   1.5736884037316729E-017
   2.2921977631864783E-018
   9.3000611820661164E-018
  -1.0408342876210818E-017
  -1.0341225981822976E-017
   0.0000000000000000     
  -2.8009552975945540E-002
 -0.44220439749137974     
   5.8162871945981451E-017
   0.0000000000000000     
 -0.17422545595291700     
 -0.18632778566727931     
   2.2879286022137349E-017
   0.0000000000000000     
  0.12054075696566892     
 -0.13883470040696932     
 -0.51814763630780847     
 -0.51731425155885968     
   3.0857885642828354E-018
   1.0787510514162280E-016
   0.0000000000000000     
  0.35962093269667533     
  0.11233793278099813     
  0.35962093269667533     
  0.11233793278099813     
  -5.2525209575822338E-002
 -0.11287695085056229     
  -5.2525209575822338E-002
 -0.11287695085056229     
   0.0000000000000000     
   0.0000000000000000     
   0.0000000000000000     
 -0.45835740567094690     
   0.0000000000000000     
   0.0000000000000000     
   0.0000000000000000     
  -6.2955582825376305E-002
   0.0000000000000000     
   0.0000000000000000     
   0.0000000000000000     
   0.0000000000000000     
   2.9716433157863254E-018
   8.2325928760371485E-018
  -4.9020719032002030E-002
  -9.1465226245902810E-005
  -4.0510126070132787E-003
   9.1465226245902810E-005
   4.0510126070132796E-003
   2.4622803125254489E-002
   2.0887570855045504E-002
  -2.4622803125254486E-002
  -2.0887570855045504E-002
   0.0000000000000000     
   0.0000000000000000     
 -0.21903209057648565     
   0.0000000000000000     
   0.0000000000000000     
   0.0000000000000000     
 -0.22093788041650225     
   0.0000000000000000     
   0.0000000000000000     
   0.0000000000000000     
   0.0000000000000000     
   1.2673330346090786E-017
   3.2280696702586063E-017
 -0.20813119585789847     
  -3.5461986108003468E-002
  -6.2493172173544748E-002
   3.5461986108003468E-002
   6.2493172173544755E-002
   6.2475858401797237E-002
   6.8088148401993370E-002
  -6.2475858401797237E-002
  -6.8088148401993384E-002
   0.0000000000000000     
   1.3497785204328763E-017
   3.4278885201334217E-017
   0.0000000000000000     
   0.0000000000000000     
   1.2405056228391159E-017
   2.4165491218936936E-017
   0.0000000000000000     
   2.3932991118285712E-017
  -2.3932991118285712E-017
 -0.34271059094217904     
   0.0000000000000000     
   1.2115457785735131E-017
   4.1978210691324077E-018
   8.4557104748982155E-018
  -6.1470323561077642E-018
  -5.4675038341455407E-018
  -2.1451150548753923E-017
  -1.3748835571419158E-017
  -6.8669234225994564E-018
  -3.0999293977450860E-018
   0.0000000000000000     
  -10.470910784935324     
  0.10319506084851807     
  -3.4463478702921646E-018
   0.0000000000000000     
  -1.5470834215162481     
  0.20256732089565740     
 -0.12686230025757522     
  0.17386610632930213     
  -3.9187689931413598E-018
  -2.9944584214016773E-017
   0.0000000000000000     
  -3.1385524489622271E-002
 -0.22112750140159884     
  -3.1385524489622271E-002
 -0.22112750140159884     
  0.44433452621386788     
  0.37619194771329412     
  0.44433452621386788     
  0.37619194771329412     
   0.0000000000000000     
   0.0000000000000000     
  -6.3925237733569874E-018
   1.4022430038556417     
   0.0000000000000000     
   0.0000000000000000     
   0.0000000000000000     
   0.0000000000000000     
   2.7151781362779907E-017
   3.9187689931413598E-018
 -0.55061024270285441     
  -6.2233971493945321E-002
   1.8006935684931591E-003
   6.2233971493945335E-002
  -1.8006935684931591E-003
 -0.80886758192245523     
 -0.54480605561228257     
  0.80886758192245523     
  0.54480605561228257     
   0.0000000000000000     
   0.0000000000000000     
 -0.16456851076863807     
   0.0000000000000000     
   0.0000000000000000     
   0.0000000000000000     
   0.0000000000000000     
   5.3130173513799622E-018
   1.1804827811736021E-017
  -8.6587454291389615E-002
  -7.7249044151067148E-002
  -8.4265496242467333E-002
   7.7249044151067148E-002
   8.4265496242467333E-002
   3.2462462791133004E-002
   5.1108152904927276E-002
  -3.2462462791133004E-002
  -5.1108152904927276E-002
   0.0000000000000000     
   9.8627150807580185E-018
   1.0411355957920649E-017
   0.0000000000000000     
   5.7335750938778096E-018
  -5.7335750938778080E-018
  -5.7858937182146471E-002
   0.0000000000000000     
   4.0969389807608677E-018
   9.0235251147295541E-018
   1.0486668311080899E-017
  -1.4767174897216445E-017
  -1.0412356602442949E-017
  -8.2160983009453293E-018
  -9.6931276246237475E-018
  -2.5699223738523874E-018
  -1.2451698284789719E-018
   0.0000000000000000     
 -0.56400106951662454     
  0.15839718489192334     
   3.8288073534899603E-002
  0.30130638693773204     
  -1.8579311378794968E-017
  -2.6259584298874058E-017
   0.0000000000000000     
 -0.11595612795822705     
 -0.18048768836797560     
 -0.11595612795822705     
 -0.18048768836797560     
  0.21757724949380872     
  0.22499923584189152     
  0.21757724949380872     
  0.22499923584189152     
   0.0000000000000000     
   0.0000000000000000     
   0.0000000000000000     
   0.0000000000000000     
   1.0929908424395921E-017
   1.8579311378794965E-017
   3.6695610629183473E-002
  -9.0020704220838701E-002
  -2.7342732792112613E-002
   9.0020704220838701E-002
   2.7342732792112610E-002
 -0.34546065684118493     
 -0.26661967173859702     
  0.34546065684118493     
  0.26661967173859702     
   0.0000000000000000     
   0.0000000000000000     
   0.0000000000000000     
   1.9967414998088187E-017
   4.0075516210385127E-017
 -0.10702935721660357     
  -4.8379462082728747E-003
  -2.3784891892726881E-002
   4.8379462082728747E-003
   2.3784891892726884E-002
   3.6687500762728663E-002
   5.1877055825773122E-002
  -3.6687500762728663E-002
  -5.1877055825773129E-002
   0.0000000000000000     
   0.0000000000000000     
   2.7993083211769300E-018
   4.3715398633112792E-017
  -2.3837696193285449     
  -1.9703732134340110E-002
  -7.0535713409000445E-002
   1.9703732134340110E-002
   7.0535713409000431E-002
 -0.33524070863000233     
  -6.5463879161477889E-002
  0.33524070863000233     
   6.5463879161477889E-002
   0.0000000000000000     
   1.2496979538276983E-018
  -2.6381621310772948E-017
   2.0975893575312043     
  -7.8616736538507190E-002
  -7.6628455503650647E-002
   7.8616736538507190E-002
   7.6628455503650647E-002
  0.42443504607218546     
  0.16360538189781407     
 -0.42443504607218546     
 -0.16360538189781407     
   0.0000000000000000     
  -2.0770510175123404     
   5.5575597143369456E-017
   3.0201997621664766E-018
   7.4225131926381954E-018
   5.0774385834287192E-018
   8.5958307106011850E-018
  -5.1739563531685304E-017
  -2.0788828879104343E-017
   1.9159447947876972E-017
   9.9613114350110125E-018
   0.0000000000000000     
   3.8421001351732022E-017
   8.4756291707973834E-018
   9.9655425576011687E-018
  -1.1808370379891620E-017
  -1.1972934784734818E-017
   1.2113840363168437E-016
   1.6613977695244666E-017
   4.2817051917770633E-017
   1.1849645436144478E-017
   0.0000000000000000     
  -5.2525209575822338E-002
 -0.11287695085056229     
  -5.2525209575822338E-002
 -0.11287695085056229     
  0.35962093269667533     
  0.11233793278099811     
  0.35962093269667533     
  0.11233793278099811     
   0.0000000000000000     
   0.0000000000000000     
  -6.9124351058720446E-002
 -0.13285124952435318     
   0.0000000000000000     
   9.2603654048123880E-003
   2.3816095323134947E-003
   5.6330744983203243E-002
   0.0000000000000000     
 -0.13285124952435320     
 -0.16297048671936207     
  -9.2603654048123880E-003
   0.0000000000000000     
   5.6330744983203229E-002
  0.11030286209755895     
   0.0000000000000000     
   0.0000000000000000     
  -2.3816095323134947E-003
  -5.6330744983203243E-002
   1.8367425948140954E-023
  -9.2603654048123880E-003
   0.0000000000000000     
  -5.6330744983203229E-002
 -0.11030286209755895     
   9.2603654048123880E-003
   0.0000000000000000     
   0.0000000000000000     
   0.0000000000000000     
  -6.9124351058720446E-002
 -0.13285124952435318     
   0.0000000000000000     
 -0.13285124952435320     
 -0.16297048671936207     
   0.0000000000000000     
   0.0000000000000000     
   0.0000000000000000     
