   0.0000000000000000     
   0.0000000000000000     
 -0.45835740567094696     
   0.0000000000000000     
  -1.2101241150156837E-017
   0.0000000000000000     
  -6.2955582825376305E-002
   0.0000000000000000     
  -1.6621152158316632E-018
  -8.0346676282150195E-018
   0.0000000000000000     
   8.0346676282150195E-018
   0.0000000000000000     
  0.10753628979962965     
  -3.7490714908150502E-018
  -8.7160621196722384E-022
  -7.3213992125428402E-019
  -1.3640959953067650E-002
   1.1513176530739392E-019
  -2.1940165564129198E-018
  -7.9512646974760999E-019
  -2.7215735292889676E-002
   1.3640610991759434E-019
  -2.4930958352300429E-018
   2.2223488106722981E-018
  -6.1431651527749878E-020
  -4.4275254530998322E-018
   0.0000000000000000     
  -3.2142727088299662E-002
   2.8254095032114255E-019
  -4.2306775685353768E-019
  -3.4728053693042665E-019
   2.6137650114656931E-018
   2.2158597773094616E-018
   2.2206079716862731E-020
   8.4346340835507107E-019
  -5.8520035663028866E-021
  -3.8617245843117288E-019
   0.0000000000000000     
 -0.21903209057648565     
   0.0000000000000000     
  -6.0462317057401744E-018
   0.0000000000000000     
 -0.22093788041650225     
   0.0000000000000000     
  -6.6284139256906834E-018
  -3.2538309876698221E-017
   0.0000000000000000     
   3.2538309876698209E-017
   0.0000000000000000     
  0.43781712103883696     
  -1.4749856519504816E-017
  -1.8151486111930656E-018
  -4.6185943584621101E-018
 -0.61315861180573950     
   3.2410958972823877E-018
  -4.1535884162420155E-017
  -3.2916557024271488E-018
 -0.26093351192040892     
   2.3636904455595896E-018
  -1.7507493028941691E-017
   3.2403683352132686E-017
  -3.7231604162333253E-018
  -3.8029084775549410E-017
   0.0000000000000000     
 -0.46945142545059770     
   2.3134788355749154E-018
  -1.2958246070729370E-018
  -1.3105458875377627E-018
   6.6092765633039859E-018
   7.1468056169191386E-018
   8.6835571786974468E-018
   1.5329363075281236E-017
  -1.5830272118441837E-018
  -3.5573308041025533E-018
   1.1025948931616925E-033
   0.0000000000000000     
   10.714842613322604     
  0.10319506084851804     
  -1.7147386022772207E-017
   0.0000000000000000     
   1.7200053621955584     
 -0.19316078297354822     
  0.10546262408199711     
  0.33726928585893540     
  -1.5440230149707049E-018
  -1.3409634897163588E-017
   0.0000000000000000     
  -1.3640959953067657E-002
 -0.61315861180573950     
  -2.1236160048425304E-018
   0.0000000000000000     
 -0.82826164799837065     
 -0.63999550829704033     
   4.8080235956368472E-017
   0.0000000000000000     
 -0.52061936691850652     
 -0.32784950337689367     
 -0.10684045292049389     
  -1.3757697890033522     
   9.0075331910631471E-019
   9.7010069582089359E-017
   0.0000000000000000     
  0.54406758077871353     
  0.43627840792671546     
  0.54406758077871353     
  0.43627840792671546     
  -1.4988698313141797E-002
 -0.22413385243720263     
  -1.4988698313141797E-002
 -0.22413385243720263     
   0.0000000000000000     
  -1.5668663080053378E-017
   0.0000000000000000     
   0.0000000000000000     
   0.0000000000000000     
  -1.1242052921954496E-017
   9.5254888711754133E-018
   0.0000000000000000     
  -9.5254888711754133E-018
 -0.20119928641036727     
   0.0000000000000000     
   4.3803108324075651E-018
   2.3358973121861925E-019
   2.7721790253279621E-018
   0.0000000000000000     
  -3.8839631429965373E-018
   2.4762559682974004E-018
   3.5905374729932264E-018
   0.0000000000000000     
  -2.7155839142005013E-018
   3.2615157321931263E-018
  -1.3858205892749781E-019
   3.7308083843975665E-018
   3.2157209505480000E-018
 -0.19817336595716445     
   0.0000000000000000     
  -1.5940801558841864E-017
  -2.6741595209486386E-018
  -2.5532079557405768E-018
  -9.9659104982538877E-018
  -5.1005427385095139E-018
  -4.0586791973629514E-018
  -1.8805339271212868E-018
  -7.6911115540878048E-019
   1.5336637952850618E-019
  -2.1666711874356395E-034
   3.0132469674089987E-018
  -1.4480383405619945     
   2.9845419680244454E-018
   1.7147386022772210E-017
   2.3669838758078924E-017
  -3.8613814939532871E-018
  -1.2374627718220902E-017
   0.0000000000000000     
 -0.57728920670587347     
   1.5440230149707047E-018
   2.6385509812401766E-018
  -3.1870566044014068E-017
  0.82826164799837121     
  -4.4048676168206674E-018
   2.0953971036848240E-018
  -3.7873955550263376E-017
 -0.27464021375689468     
   2.4660738578307074E-019
  -5.2522528597126407E-017
  -3.2549479141471708E-017
  -1.0878327113880312E-018
  -6.7550816201741406E-017
   0.0000000000000000     
  0.18185326136586655     
  -4.1321248741031373E-019
   2.1669886643110074E-018
   4.9814157356803896E-018
   1.0105710598009920E-016
   7.1530556061679143E-017
  -1.6084835637441217E-017
  -1.1903600215777529E-017
   1.8856780654104876E-018
  -1.2747055300091065E-017
   0.0000000000000000     
 -0.16456851076863810     
   0.0000000000000000     
  -5.5218704674347329E-018
  -1.2566868830948324E-017
   0.0000000000000000     
   1.2566868830948321E-017
   0.0000000000000000     
  0.17077371175081807     
  -5.4331734236260374E-018
  -2.2012086762877822E-018
  -5.9388629654985562E-018
 -0.63999550829704033     
   6.5458000350440705E-018
  -3.7291782306908757E-017
  -3.9180430051189917E-018
 -0.27842051227803188     
   3.5621367745760231E-018
  -1.5377944410092040E-017
   1.1942597600870843E-017
  -7.8687282835744063E-018
  -1.6326856054001229E-017
   0.0000000000000000     
 -0.15640657891932669     
  -4.9248305973047045E-018
  -7.0288282709854064E-019
  -1.1145854998049888E-018
   3.4313328358793134E-018
   5.3090444060001425E-018
   1.8541475268352091E-017
   1.9830275562373701E-017
  -3.8051282920671467E-018
  -5.0915371664590224E-018
   0.0000000000000000     
   0.0000000000000000     
  0.64135842876243598     
   9.1587438977647484E-002
   6.6217847453330203E-002
  0.34018635893357713     
  -7.2180778404911772E-018
  -1.9045179708698876E-017
   0.0000000000000000     
  -2.7215735292889672E-002
 -0.26093351192040898     
  -5.2122444018559228E-017
   0.0000000000000000     
  0.27464021375689462     
 -0.27842051227803194     
   7.6182630034939390E-019
   0.0000000000000000     
   5.3604678758785912E-002
 -0.32546574635802655     
 -0.10092562830779331     
 -0.25661317731860744     
   4.2233602021759824E-018
   4.4931928298497305E-018
   0.0000000000000000     
  0.25566920749376942     
  0.26495363127155552     
  0.25566920749376948     
  0.26495363127155552     
  -6.8387125072308055E-002
 -0.17017727361538956     
  -6.8387125072308055E-002
 -0.17017727361538956     
   0.0000000000000000     
  -5.4283582007267975E-018
   2.2274986671005308E-018
   0.0000000000000000     
  -2.2274986671005308E-018
  -2.4187893735316927E-002
   0.0000000000000000     
   1.6515727798448529E-018
   2.9381352079135166E-019
   4.1046583331008127E-018
   0.0000000000000000     
  -6.1375480069418199E-018
  -2.1604844539159038E-018
   3.5621367745760231E-018
   0.0000000000000000     
  -4.1507030108752787E-018
  -1.3126985090478901E-018
  -2.4608025222574543E-018
   9.2273902628283217E-018
   3.4638363360118368E-018
 -0.20455430166912192     
   0.0000000000000000     
  -8.6248466696410465E-018
  -9.9856334769629224E-019
  -1.5052162095969650E-018
  -3.8880812260429965E-018
  -3.7153975457541127E-018
  -1.1449376589886733E-017
  -4.1199899074802059E-018
  -2.4431845567320187E-018
  -2.6760864515840862E-019
   0.0000000000000000     
   9.7400188014542863E-018
  -4.5214186729353925E-018
   1.0399266643138044E-017
   0.0000000000000000     
  -8.9292641775666232E-002
   7.2180778404911772E-018
   7.3164197170363688E-019
  -1.0179533498436735E-017
  0.52061936691850652     
  -7.7006999019538457E-018
   3.9399941333269336E-017
  -1.4870449556657057E-017
  -5.3604678758786002E-002
  -1.7740936693273822E-018
  -9.2520472336122392E-018
  -8.1041205215500836E-018
   3.1027099107484915E-018
  -2.5315368752236439E-017
   0.0000000000000000     
 -0.22062755326690170     
   1.3958327623809015E-017
   1.6185948983677387E-018
   4.3750929676535955E-018
   4.3615303938666632E-017
   3.6530939430974737E-017
  -2.5267516143376912E-017
  -1.4694420204626002E-017
   7.7887304288692649E-019
  -7.1531821536836545E-018
   0.0000000000000000     
   2.4877705664225437E-017
   3.4491273184879774E-017
   0.0000000000000000     
   2.7925918421687750     
  -5.4855748444746922E-018
  -2.4242435607436272E-018
  -3.5209945342502587E-017
 -0.32784950337689373     
   5.0125767240739677E-019
  -3.5219131186553968E-017
  -1.2230551353921924E-017
 -0.32546574635802683     
  -7.7718603881756936E-019
  -4.6287255160915620E-018
  -1.2720459575878581E-018
  -1.1730570517662232E-017
  -7.9595166423183019E-017
   0.0000000000000000     
 -0.55338113034919045     
   7.1706423384971458E-019
   1.6627420359219557E-018
   3.9152154491109827E-018
  -5.0280083045042684E-017
  -3.5969500330943604E-018
   1.8438679725244770E-018
   1.2041629685707788E-017
  -2.3417450009261720E-018
  -1.1097977761813363E-017
   0.0000000000000000     
   2.4877705664225437E-017
   0.0000000000000000     
  0.29512512255236012     
  -3.2948601771240130E-017
  -1.3891618332892510E-019
  -2.6896683822805651E-018
 -0.10684045292049386     
   3.0335344155829959E-018
  -9.4708413288671910E-018
  -3.1082485426080114E-018
 -0.10092562830779335     
   4.6738845611803980E-018
  -8.7641954076287574E-018
   1.0450673735760606E-017
  -3.2989227547375526E-018
  -1.4096961105517345E-017
   0.0000000000000000     
 -0.15232105287760828     
   3.9114986071263413E-018
  -3.1790951393690303E-018
  -4.2277598838831630E-019
   1.2752192969677861E-017
   5.5803099476142718E-018
   2.5025676777282047E-018
   4.3562310304762631E-018
  -4.8460475757713216E-019
  -1.3019193662795949E-018
   0.0000000000000000     
   0.0000000000000000     
  -2.2856851228669601     
   1.2132919340790505E-017
  -3.0713282390034485E-018
   2.6687037385355029E-017
  -1.3757697890033518     
   5.1159149560649676E-018
  -7.4844150735427169E-017
   7.7842593269544195E-018
 -0.25661317731860755     
   2.0911285605751721E-018
  -3.1165943415073720E-017
   7.6176867185753915E-017
   4.8388766457656715E-018
  -2.1615369006837787E-018
   0.0000000000000000     
 -0.53213357900198521     
   1.3345121030851466E-018
  -1.2247606255341936E-018
  -6.5084760202727714E-018
   5.0824329789234321E-017
   1.3686769455510050E-017
   2.0950953912225743E-017
   2.5733984253686244E-017
  -1.7255654825119908E-018
   3.0842625361430140E-018
   0.0000000000000000     
   4.3788529725275712E-020
   2.2578593505388738     
   0.0000000000000000     
   0.0000000000000000     
   6.9174285706567941E-019
 -0.19817336595716442     
   0.0000000000000000     
   0.0000000000000000     
   1.4649575713921668E-018
 -0.20455430166912186     
   0.0000000000000000     
   0.0000000000000000     
   0.0000000000000000     
   0.0000000000000000     
  -1.9198451728523978E-018
   1.1680146888934518E-018
 -0.35713347278834751     
  0.39872804058042161     
   9.7695584413192579E-002
 -0.39872804058042161     
  -9.7695584413192579E-002
   8.4359485195151778E-003
   5.0642400725108533E-002
  -8.4359485195151778E-003
  -5.0642400725108533E-002
   7.1679605626105319E-034
   0.0000000000000000     
   3.2142727088299655E-002
  0.46945142545059765     
   1.0344896899343758E-016
   0.0000000000000000     
  0.18185326136586422     
  0.15640657891932674     
   5.9372294499027801E-018
   0.0000000000000000     
 -0.22062755326690167     
  0.55338113034919045     
  0.15232105287760817     
  0.53213357900198432     
  -1.3930472983942179E-018
   3.8842385716539141E-018
   0.0000000000000000     
  0.21130617224683118     
  -1.4928809151131156E-002
  0.21130617224683118     
  -1.4928809151131156E-002
   2.4568404190509440E-002
  0.10543274072314132     
   2.4568404190509440E-002
  0.10543274072314132     
   0.0000000000000000     
  -5.6376891787869659E-019
  -3.2656301044714375E-018
   0.0000000000000000     
  -6.0442439362829473E-018
  -1.1486590472026739E-018
   1.2018439271365292E-018
   0.0000000000000000     
  -1.2191186701170982E-017
   6.5354723187236967E-018
   2.7391863925602686E-019
  -5.6212449719448469E-018
  -1.6998974606722553E-018
  0.35713347278834756     
   0.0000000000000000     
   5.2530884164398605E-018
   2.4280823830564625E-018
   2.0755616736552608E-018
  -7.2064581483696180E-017
  -1.3538718223890346E-017
   7.4099660098579551E-018
   3.6097839033755623E-018
   7.8146448303261606E-019
  -2.7544429423353717E-018
   0.0000000000000000     
   0.0000000000000000     
  0.45835740567094690     
   0.0000000000000000     
   7.4441439362788182E-017
   0.0000000000000000     
   6.2955582825376305E-002
   0.0000000000000000     
   1.0224545596794932E-017
  -3.4313581366095746E-018
   0.0000000000000000     
   3.4313581366095738E-018
   0.0000000000000000     
  0.10753628979962965     
  -8.2325928760371485E-018
   8.1324181526639528E-021
   7.7208548264401418E-019
  -1.2663883369316102E-021
   3.4274843789974319E-019
  -7.5967229812684070E-018
  -6.4987645569393492E-018
  -5.5001186724402006E-019
  -5.0801536310818351E-019
   0.0000000000000000     
  0.21903209057648568     
   0.0000000000000000     
   3.4547410923401212E-017
   0.0000000000000000     
  0.22093788041650225     
   0.0000000000000000     
   3.2614603562375798E-017
  -1.4633901373689138E-017
   0.0000000000000000     
   1.4633901373689141E-017
   0.0000000000000000     
  0.43781712103883696     
  -3.2280696702586069E-017
   1.4944850543882345E-018
   3.9855425131192069E-018
  -2.7613426157976247E-018
  -2.7200018572711776E-018
  -1.8171416239693614E-017
  -2.0398167816822655E-017
  -4.9136950562780486E-019
  -9.7202332829718864E-019
   9.3407602302780932E-034
   0.0000000000000000     
   10.714842613322604     
 -0.10319506084851807     
  -8.9587083580989974E-018
   0.0000000000000000     
   1.7200053621955584     
  0.19316078297354822     
 -0.10546262408199708     
 -0.33726928585893540     
   3.9187689931413583E-018
   3.6415836154821442E-017
   0.0000000000000000     
   1.4988698313141797E-002
  0.22413385243720263     
   1.4988698313141797E-002
  0.22413385243720263     
 -0.54406758077871353     
 -0.43627840792671546     
 -0.54406758077871353     
 -0.43627840792671546     
   0.0000000000000000     
  -3.4278885201334223E-017
   0.0000000000000000     
   0.0000000000000000     
   0.0000000000000000     
  -2.4165491218936936E-017
  -2.3932991118285712E-017
   0.0000000000000000     
   2.3932991118285715E-017
  0.20119928641036722     
   0.0000000000000000     
   6.7133573615320579E-017
   7.2772192184749854E-019
  -4.4868215793103588E-019
   1.1593250020563004E-018
  -2.5096479197372245E-018
   2.6894034489549791E-017
   1.2975423074055447E-017
   1.3086308658134059E-018
   3.9774664754813757E-018
   1.0111132208032995E-034
  -1.5573621552777010E-017
  -1.4480383405619945     
   6.3925237733569874E-018
   8.9587083580989944E-018
  -3.8719374977659088E-017
  -4.0722481582662763E-017
   4.2179129350265592E-017
   0.0000000000000000     
  0.57728920670587347     
  -3.9187689931413583E-018
   3.5277104719378645E-018
   1.4047245096808343E-017
  -3.9878660700731328E-018
   1.3941211033334288E-017
   1.6797190026274514E-016
   1.0774166267190998E-016
  -6.4385879577204586E-017
  -4.8818472627111409E-017
   0.0000000000000000     
  0.16456851076863810     
   0.0000000000000000     
   2.0759698257594517E-017
  -6.1349439960567429E-018
   0.0000000000000000     
   6.1349439960567429E-018
   0.0000000000000000     
  0.17077371175081807     
  -1.1804827811736021E-017
   3.3346572050851445E-018
   4.5762412943724982E-018
  -5.9538102946001262E-018
  -5.0103983575430372E-018
  -9.2787920090830781E-018
  -1.4632984018472504E-017
  -1.1896205027700247E-019
  -1.2677502897367614E-019
   0.0000000000000000     
   0.0000000000000000     
  0.64135842876243598     
  -9.1587438977647484E-002
  -6.6217847453330217E-002
 -0.34018635893357713     
   1.8579311378794968E-017
   2.2297411170859943E-017
   0.0000000000000000     
   6.8387125072308055E-002
  0.17017727361538956     
   6.8387125072308055E-002
  0.17017727361538956     
 -0.25566920749376948     
 -0.26495363127155552     
 -0.25566920749376948     
 -0.26495363127155552     
   0.0000000000000000     
  -1.0411355957920649E-017
  -5.7335750938778080E-018
   0.0000000000000000     
   5.7335750938778080E-018
   2.4187893735316920E-002
   0.0000000000000000     
   1.1907895570003519E-017
   2.1460790766981778E-018
   4.4902828724044889E-019
   3.4418440091028422E-018
  -6.1430011801884254E-019
   1.0237857466973384E-017
   9.1906713074100924E-018
   4.7493755611535073E-019
   1.9508609349180901E-018
   0.0000000000000000     
  -1.2989712099771351E-017
  -3.2599581467209859E-017
  -2.5334751710886805E-017
   0.0000000000000000     
   8.9292641775666218E-002
  -1.8579311378794965E-017
   8.2509759849221021E-018
   1.2043921027200681E-017
  -2.5679631471521339E-018
   8.3877481022301565E-018
   6.8607938829267242E-017
   4.7226958222595460E-017
  -3.0868590378784146E-017
  -2.9803429968039637E-017
   0.0000000000000000     
  -3.2323628255525176E-018
   3.0964137399535719E-017
   0.0000000000000000     
   2.7925918421687750     
  -1.0569898912867712E-017
  -1.1527032134310841E-018
  -4.0809227233742054E-018
  -2.9374659765461222E-018
  -1.4629171620003903E-017
   8.8816420710834276E-017
   1.3809433244604188E-017
  -3.2764432581371851E-017
  -3.6313435116235731E-018
   0.0000000000000000     
  -3.2323628255525176E-018
   0.0000000000000000     
  0.29512512255236006     
  -7.3221015930630216E-017
   4.6488106290900611E-019
   2.0446869971877869E-018
  -6.2789238194464705E-019
   2.7644675634759045E-018
  -3.4336044712119989E-017
  -1.5864302678802494E-017
   9.9267161406664122E-019
  -2.4785297437409103E-018
   0.0000000000000000     
   0.0000000000000000     
  -2.2856851228669601     
   2.6381621310772948E-017
   5.0018934797394901E-018
   1.1870802604023228E-017
  -4.5167563245817803E-018
   3.1395970657752505E-018
  -9.0430742996449457E-017
  -4.2347699529512622E-017
   3.1335040163587726E-017
   4.4568209986879446E-018
   0.0000000000000000     
   1.8340924143550316E-018
   2.2578593505388738     
   8.4359485195151761E-003
   5.0642400725108533E-002
  -8.4359485195151778E-003
  -5.0642400725108533E-002
  0.39872804058042161     
   9.7695584413192579E-002
 -0.39872804058042161     
  -9.7695584413192579E-002
   1.0321863210159167E-032
   0.0000000000000000     
   2.4568404190509440E-002
  0.10543274072314132     
   2.4568404190509440E-002
  0.10543274072314132     
  0.21130617224683118     
  -1.4928809151131156E-002
  0.21130617224683118     
  -1.4928809151131156E-002
   0.0000000000000000     
   1.7497738235261383E-018
   3.8081714838188192E-018
   1.5076820057018639E-018
  -1.6149554179684879E-018
  -1.1795138754196217E-016
  -1.8198379446060388E-017
  -4.6218495475305966E-017
  -1.0229501903242985E-017
   0.0000000000000000     
   0.0000000000000000     
   4.2326457571301383E-018
   8.1347928626630015E-018
   1.8102452355305780E-020
   9.6697708448402430E-019
  -1.0152595968259711E-019
  -2.3485624281564234E-018
   0.0000000000000000     
   8.1347928626630030E-018
   9.9790642311298652E-018
   3.5700034581493560E-018
   7.0075223002084954E-018
  -2.5315027072564479E-018
  -4.9762799137710281E-018
   0.0000000000000000     
   0.0000000000000000     
   3.8613306328745608E-019
   7.4712572447365484E-018
   3.4640890535279401E-021
   1.0006715914276360E-018
   0.0000000000000000     
   1.0717275296313114E-017
   1.7609364471454514E-017
  -1.8861197017147312E-019
   9.5231191962284300E-019
   0.0000000000000000     
   0.0000000000000000     
   9.9212753803912811E-018
   1.9067865534687053E-017
   0.0000000000000000     
   1.9067865534687056E-017
   2.3390817459474900E-017
   0.0000000000000000     
   0.0000000000000000     
   0.0000000000000000     
