   0.0000000000000000     
   0.0000000000000000     
   0.0000000000000000     
   1.2101241150156848E-017
   0.0000000000000000     
   0.0000000000000000     
   0.0000000000000000     
   1.6621152158316632E-018
   0.0000000000000000     
  -4.3290548688664422E-018
   4.3290548688664422E-018
   0.0000000000000000     
  -5.8515570767627492E-002
   0.0000000000000000     
  -6.9582262769986709E-018
  -4.7019774032891500E-038
   0.0000000000000000     
   0.0000000000000000     
   4.7109516025601637E-019
   1.4444474582904269E-034
  -1.2037062152420224E-035
   0.0000000000000000     
   7.6803300401173812E-019
  -1.9259299443872359E-034
  -4.2370478478569319E-020
   4.2370478478569313E-020
  -3.8518598887744717E-034
  -5.2682041337910699E-004
   0.0000000000000000     
   1.1329233283931071E-018
   6.7907681768615876E-019
   5.5742882326222028E-019
  -6.4471257579912314E-019
  -5.4916140151869632E-019
  -5.3292781581217878E-021
  -1.6821396818836868E-019
   4.4564084398996000E-021
   1.3587994298042004E-019
   0.0000000000000000     
   0.0000000000000000     
   6.0462317057401683E-018
   0.0000000000000000     
   0.0000000000000000     
   0.0000000000000000     
   6.6284139256906819E-018
   0.0000000000000000     
  -1.7031667264088926E-017
   1.7031667264088926E-017
   0.0000000000000000     
 -0.22968592518093872     
   0.0000000000000000     
  -2.8179002949430750E-017
   0.0000000000000000     
   3.8518598887744717E-034
   0.0000000000000000     
   3.3511318474446120E-017
   0.0000000000000000     
   0.0000000000000000     
   0.0000000000000000     
   1.0856457335610332E-017
   1.9259299443872359E-034
  -1.6361423443477826E-018
   1.6361423443477826E-018
   1.1555579666323415E-033
  -1.2142846129528954E-002
   0.0000000000000000     
   2.3611637444764281E-017
   2.0799610374352951E-018
   2.1035905391601891E-018
  -1.6722348107793049E-018
  -1.9126476797229438E-018
  -2.1020684551031207E-018
  -3.7173142556826202E-018
   2.0599308266057468E-018
   3.2583922495637297E-018
   4.5740836179196869E-034
  -10.936420843457514     
   0.0000000000000000     
   0.0000000000000000     
  -8.2575109539300503E-018
  -1.7755375051527533     
   0.0000000000000000     
   0.0000000000000000     
   0.0000000000000000     
   0.0000000000000000     
   7.3345296679113309E-018
   1.5440230149707049E-018
  0.23467372840785092     
   0.0000000000000000     
   0.0000000000000000     
   1.0079102182202815E-019
 -0.43783865180303633     
   0.0000000000000000     
   0.0000000000000000     
  -2.5498345107658816E-018
 -0.71086947687931112     
   0.0000000000000000     
   0.0000000000000000     
   0.0000000000000000     
   0.0000000000000000     
   4.6841128885698350E-017
   2.6437368652404651E-019
 -0.62540205730587872     
 -0.80300363763994953     
 -0.62798876189873787     
  0.80300363763994953     
  0.62798876189873787     
   1.6051548119595860E-002
  0.12522818909582495     
  -1.6051548119595860E-002
 -0.12522818909582495     
  -4.0926011318228779E-034
   2.9948513479581663E-017
  -3.0132469674089987E-018
   1.6484109011797949     
   8.2575109539300503E-018
   6.3546276936078298E-018
   1.0487475522283473E-017
  -1.1965657824961959E-018
  -1.6724739285692010E-017
   0.0000000000000000     
 -0.20799476440483139     
  -1.5440230149707033E-018
   1.3722916039251480E-018
   3.7665356671203586E-017
  0.43783865180303622     
  -1.0079102182202699E-019
   7.8263088087616794E-017
   3.7602327486257572E-017
  0.67550037052822043     
   2.5498345107658816E-018
   7.2179302434139555E-017
  -3.7509942895945370E-017
   1.7917633632183107E-017
   1.2996689974225423E-016
   0.0000000000000000     
  0.62772269189477203     
  -2.6437368652404748E-019
   2.8873822398612430E-018
   2.7474040092313482E-018
  -9.5896963389350193E-017
  -7.4527513847157900E-017
  -2.0491853124813899E-018
  -1.6274565135611733E-017
   2.5223975552753679E-018
   1.8683452982891392E-017
   0.0000000000000000     
   0.0000000000000000     
   0.0000000000000000     
  -2.3502013716380037E-017
   0.0000000000000000     
  -9.5254888711754133E-018
   9.5254888711754133E-018
   0.0000000000000000     
 -0.14151130453181185     
   0.0000000000000000     
   2.5200791059435257E-017
   0.0000000000000000     
   0.0000000000000000     
   0.0000000000000000     
  -7.1487817480459782E-017
   3.8518598887744717E-034
   0.0000000000000000     
   0.0000000000000000     
  -2.4759495747655193E-017
   0.0000000000000000     
   3.0668927766306036E-018
  -3.0668927766306025E-018
  -7.7037197775489434E-034
   2.1325196397562890E-002
   0.0000000000000000     
  -4.3352814333798611E-017
  -1.2231207300074761E-018
  -5.8275695503875774E-018
   1.3385293459977183E-018
   5.7234449700150075E-018
   4.6198511696270930E-018
   6.8531773381200192E-018
  -4.5576868065555390E-018
  -6.8830539012044439E-018
   0.0000000000000000     
   0.0000000000000000     
   5.5218704674347322E-018
   0.0000000000000000     
  -6.2736882773688249E-018
   6.2736882773688249E-018
   0.0000000000000000     
  -8.4186257459428440E-002
   0.0000000000000000     
  -1.0883227653628098E-017
   0.0000000000000000     
   0.0000000000000000     
   0.0000000000000000     
   3.3316461958153416E-017
   1.9259299443872359E-034
   0.0000000000000000     
   0.0000000000000000     
   1.1124644877519488E-017
  -3.3703774026776627E-034
  -3.5050011313140318E-018
   3.5050011313140318E-018
   0.0000000000000000     
  -2.2488232904461936E-002
   0.0000000000000000     
   9.7313416096977685E-018
   1.1282151043185471E-018
   1.7890495363576881E-018
  -8.7346475733815158E-019
  -1.5247073215459979E-018
  -4.3977291925538940E-018
  -4.6057379933141604E-018
   4.3145262253997120E-018
   4.2508146826417710E-018
   0.0000000000000000     
 -0.79246009148076824     
   0.0000000000000000     
   0.0000000000000000     
   0.0000000000000000     
   0.0000000000000000     
  -1.1716207191675947E-017
   7.2180778404911741E-018
  0.22013831071183224     
   0.0000000000000000     
   0.0000000000000000     
   4.6923534350229757E-018
 -0.67550037052822054     
   0.0000000000000000     
   0.0000000000000000     
  -1.1555579666323415E-033
 -0.50541651461276904     
   0.0000000000000000     
   0.0000000000000000     
   0.0000000000000000     
   0.0000000000000000     
   2.3821527406113202E-017
  -1.4434487097041095E-018
 -0.33525682356475284     
 -0.33763906820825329     
 -0.31076035952432346     
  0.33763906820825329     
  0.31076035952432346     
   8.5342115643125716E-002
  0.13937928299155888     
  -8.5342115643125702E-002
 -0.13937928299155888     
   0.0000000000000000     
   1.3152048681755240E-017
  -2.4705546232715743E-019
   2.6143466948760277E-018
  -1.7985158004205804E-017
   0.0000000000000000     
  -9.4150058306982490E-002
  -7.2180778404911741E-018
   3.6689116460240141E-018
   1.9792912422722575E-017
  0.71086947687931112     
  -4.6923534350229764E-018
   2.8345196719601326E-017
   1.8711090797678920E-017
  0.50541651461276904     
   2.8888949165808538E-034
   2.9582717786262063E-017
  -1.4847466339854847E-017
   2.0890694751252836E-017
   4.2791401084698427E-017
   0.0000000000000000     
  0.32957827141066276     
   1.4434487097041091E-018
   2.7795403995872683E-020
  -8.1509000965218500E-020
  -4.1321322052598543E-017
  -3.8295504374634637E-017
  -1.3867313719399308E-017
  -2.2115083797718255E-017
   1.0631733744048827E-017
   1.7698539824961177E-017
   0.0000000000000000     
  -2.2274986671005308E-018
   2.2274986671005308E-018
   0.0000000000000000     
  -3.3671043446829543E-002
   0.0000000000000000     
   6.5695746290335902E-018
   0.0000000000000000     
  -7.7037197775489434E-034
   0.0000000000000000     
  -6.4359353376640717E-017
   3.8518598887744717E-034
   3.8518598887744717E-034
   0.0000000000000000     
  -2.1746631776024083E-017
   9.6296497219361793E-035
   7.6861221005955992E-018
  -7.6861221005956038E-018
   0.0000000000000000     
   4.7974088207862434E-002
   0.0000000000000000     
  -1.1574232198788707E-017
  -6.9936717320580279E-020
  -3.0136601518668483E-018
   1.4316236902951723E-019
   2.8104253626413910E-018
   9.8705989020349227E-018
   8.6081754789506109E-018
  -9.7148722053490452E-018
  -8.5172153568101614E-018
   0.0000000000000000     
   1.6360187440483482E-017
   1.4009888494922831E-017
  -2.8996211993853769     
   0.0000000000000000     
  -1.0849214588054954E-017
   8.2189254168953598E-020
   1.2348733358773790E-018
   0.0000000000000000     
  -3.9178222543870381E-017
   1.9751684162883588E-018
   1.8120446914324887E-018
   0.0000000000000000     
  -1.8168767539645337E-017
   3.6567177921323215E-018
   7.7037197775489434E-034
   6.3339542792087941E-019
   2.4778984324424910E-018
 -0.17054115218104290     
   0.0000000000000000     
  -6.0034939612798937E-017
   2.2222348065784087E-018
   3.9094235675069109E-018
  -7.7160325577727716E-017
  -1.6939815124293008E-017
  -4.4609583471434245E-019
  -2.8409732493186877E-018
  -1.9570597602600314E-018
  -5.4586940060959465E-018
   0.0000000000000000     
  -1.4009888494922831E-017
   2.6788947418809053     
   0.0000000000000000     
   2.1544725093091248E-017
  -8.2189254168953622E-020
  -1.2348733358773794E-018
   0.0000000000000000     
   1.9127442026463202E-017
  -1.9751684162883565E-018
  -1.8120446914324891E-018
   0.0000000000000000     
   1.4745857629030890E-017
  -3.6567177921323246E-018
  -6.3339542792087825E-019
   3.8518598887744717E-034
  -2.4778984324424937E-018
  0.16518331086142501     
   0.0000000000000000     
   4.3370448893397436E-017
   1.7620913618887576E-018
  -2.4285833074772422E-018
   7.3920017462180465E-017
   1.5804898362310097E-017
   8.5443450218189447E-019
   2.5447337017137887E-018
   1.5029953868005702E-018
   4.9017798270679047E-018
   0.0000000000000000     
 -0.18809576533575653     
   0.0000000000000000     
  -6.2110554385102435E-017
   0.0000000000000000     
  -3.8518598887744717E-034
   0.0000000000000000     
   1.2052464394295211E-016
   0.0000000000000000     
   0.0000000000000000     
   0.0000000000000000     
   3.3081035406518961E-017
  -3.8518598887744717E-034
  -3.7722086292094847E-018
   3.7722086292094878E-018
  -1.5407439555097887E-033
  -2.6434578140921330E-002
   0.0000000000000000     
   8.0231612623299901E-017
   4.1550520094832261E-019
   3.3602767376748807E-018
  -1.6197881805605699E-019
  -3.2018839471544760E-018
  -6.5411656153274694E-018
  -9.9685988699318112E-018
   6.4720829777946135E-018
   9.6713515371018114E-018
   5.7343684500884283E-033
   5.1186182837064224E-018
   0.0000000000000000     
   5.2682041337911425E-004
   1.2142846129528952E-002
   4.8697954640543874E-017
   0.0000000000000000     
   2.1325196397562876E-002
   2.2488232904461950E-002
   2.8258619744479088E-017
   0.0000000000000000     
   4.7974088207862350E-002
  0.17054115218104282     
 -0.16518331086142521     
   2.6434578140921334E-002
  -3.8518598887744717E-034
   8.6232140421026659E-017
   0.0000000000000000     
 -0.53206698843864575     
  -9.4549847230170916E-002
 -0.53206698843864575     
  -9.4549847230170916E-002
  -7.1939132641458117E-003
  -2.2775790773051984E-002
  -7.1939132641458108E-003
  -2.2775790773051984E-002
   0.0000000000000000     
  -2.5098642327204930     
   0.0000000000000000     
   0.0000000000000000     
   2.1080009025826587E-019
  0.62772269189477159     
   0.0000000000000000     
   0.0000000000000000     
   2.8070680857555357E-019
  0.32957827141066265     
   0.0000000000000000     
   0.0000000000000000     
   0.0000000000000000     
   0.0000000000000000     
  -8.2368409054437815E-017
   4.6222318665293660E-033
  0.80489578265116202     
 -0.33304789463040380     
  -6.3145972049971577E-002
  0.33304789463040380     
   6.3145972049971563E-002
  -2.7309811206548337E-002
  -8.3030724274346032E-002
   2.7309811206548337E-002
   8.3030724274346032E-002
   0.0000000000000000     
  -2.9848013969252807E-018
  -2.9257072927301994E-017
 -0.62540205730587850     
  -2.1080009025826414E-019
  -5.2118628009698485E-017
  -1.1019380227064106E-017
 -0.33525682356475295     
  -2.8070680857555371E-019
  -1.0688099320966371E-017
   5.7233195426591707E-017
  -3.9757884288179013E-017
  -9.2925546941480860E-017
   0.0000000000000000     
 -0.80489578265116246     
  -1.9259299443872359E-033
   1.5830312455743269E-018
   4.8112166706402495E-018
  -3.9404345776646790E-017
  -2.6754270737938743E-018
   3.1134449345463690E-018
   1.2228196232170097E-017
  -4.6600229015581225E-018
  -1.1789886443237287E-017
   0.0000000000000000     
   0.0000000000000000     
   0.0000000000000000     
  -7.4441439362788182E-017
   0.0000000000000000     
   0.0000000000000000     
   0.0000000000000000     
  -1.0224545596794932E-017
   0.0000000000000000     
  -9.5061794262172859E-018
   9.5061794262172875E-018
   0.0000000000000000     
  -5.8515570767627478E-002
   0.0000000000000000     
  -2.9716433157863254E-018
  -7.8491821757419158E-021
  -5.4711120510736268E-019
   8.7220518939639373E-021
   5.7944523031530359E-019
   3.8638975246106225E-018
   3.3651506595812147E-018
  -3.8982617664977440E-018
  -3.3734180813247398E-018
   0.0000000000000000     
   0.0000000000000000     
  -3.4547410923401206E-017
   0.0000000000000000     
   0.0000000000000000     
   0.0000000000000000     
  -3.2614603562375798E-017
   0.0000000000000000     
  -3.7274537861733465E-017
   3.7274537861733465E-017
   0.0000000000000000     
 -0.22968592518093872     
   0.0000000000000000     
  -1.2673330346090784E-017
  -2.2400318459649653E-018
  -4.6021831400744833E-018
   2.2821694744623391E-018
   5.0611051461933753E-018
   8.0320695301494650E-018
   9.7076698782015329E-018
  -8.4397957568055297E-018
  -9.8986127376387747E-018
   1.8055593228630336E-034
  -10.936420843457514     
   0.0000000000000000     
   0.0000000000000000     
  -1.7772967445579955E-017
  -1.7755375051527533     
   0.0000000000000000     
   0.0000000000000000     
   0.0000000000000000     
   0.0000000000000000     
  -3.3623033303584594E-017
  -3.9187689931413575E-018
 -0.23467372840785092     
  -1.6051548119595856E-002
 -0.12522818909582495     
   1.6051548119595856E-002
  0.12522818909582495     
  0.80300363763994953     
  0.62798876189873787     
 -0.80300363763994953     
 -0.62798876189873787     
  -1.5648180798146291E-034
   1.3497785204328763E-017
   1.5573621552777013E-017
   1.6484109011797949     
   1.7772967445579955E-017
   3.4463478702921658E-018
   2.4729649349759639E-017
  -3.6796692014271025E-017
   4.9329769874567637E-017
   0.0000000000000000     
  0.20799476440483139     
   3.9187689931413590E-018
  -1.3223421067313517E-018
  -8.0651635518023287E-018
  -3.3241980558364572E-018
  -2.4390662327402988E-017
  -1.7277408188677967E-016
  -1.2625524934960693E-016
   5.7288063951065416E-017
   5.3644136061278047E-017
   0.0000000000000000     
   0.0000000000000000     
   0.0000000000000000     
  -1.2405056228391156E-017
   0.0000000000000000     
   2.3932991118285718E-017
  -2.3932991118285712E-017
   0.0000000000000000     
  0.14151130453181185     
   0.0000000000000000     
  -7.9249031401055704E-017
  -4.9255429909799082E-018
  -8.0070283169671783E-018
   4.9877073540514629E-018
   7.9771517538827667E-018
  -5.4428839407958687E-018
   7.7341249736371172E-019
   5.5582925567860518E-018
  -8.7753707773628992E-019
   0.0000000000000000     
   0.0000000000000000     
  -2.0759698257594517E-017
   0.0000000000000000     
  -1.3631041029685949E-017
   1.3631041029685946E-017
   0.0000000000000000     
  -8.4186257459428454E-002
   0.0000000000000000     
  -5.3130173513799591E-018
  -4.9179193115968249E-018
  -5.8191912204682045E-018
   5.0011222787509916E-018
   6.1741145311405955E-018
   3.9117038136718124E-018
   6.1980912471333498E-018
  -4.1664541606522601E-018
  -6.4624334619450374E-018
   0.0000000000000000     
 -0.79246009148076824     
   0.0000000000000000     
   0.0000000000000000     
   0.0000000000000000     
   0.0000000000000000     
  -6.9677352963818046E-018
  -1.8579311378794968E-017
 -0.22013831071183221     
  -8.5342115643125716E-002
 -0.13937928299155888     
   8.5342115643125702E-002
  0.13937928299155888     
  0.33763906820825329     
  0.31076035952432346     
 -0.33763906820825329     
 -0.31076035952432346     
   0.0000000000000000     
   9.8627150807580185E-018
   8.2589744529798347E-018
   1.8849528041562899E-017
   4.3815542783325284E-017
   0.0000000000000000     
   9.4150058306982504E-002
   1.8579311378794965E-017
  -3.7429811373565271E-018
  -4.8410500945389345E-018
  -1.4193283823927566E-017
  -2.2106107123514705E-017
  -6.9246585852801880E-017
  -5.8078843651792275E-017
   2.7674433658868093E-017
   3.0969914374960518E-017
   0.0000000000000000     
   5.7335750938778080E-018
  -5.7335750938778080E-018
   0.0000000000000000     
   3.3671043446829543E-002
   0.0000000000000000     
  -1.6004834550764385E-017
  -1.1169604191427732E-017
  -1.0935696598321345E-017
   1.1325330888113599E-017
   1.1026656720461790E-017
  -2.0217591660280552E-018
   5.0245631721365429E-019
   2.0949848177370375E-018
  -7.0569110643911847E-019
   0.0000000000000000     
   3.5827669819342953E-017
   3.0462872330867057E-017
  -2.8996211993853769     
   0.0000000000000000     
   1.6299323397817455E-017
   1.3110006704091994E-018
   3.5759699298945354E-018
  -2.3096567369227320E-018
  -6.0463728444288223E-018
  -1.2816568338931929E-016
  -2.3541371584781936E-017
  -4.8496657969323930E-017
  -8.1383634737388111E-018
   0.0000000000000000     
  -3.0462872330867064E-017
   2.6788947418809053     
   0.0000000000000000     
  -2.7993083211769331E-018
  -9.0580688447636182E-019
  -4.2211639213023449E-018
   1.9501886569817926E-018
   7.5447205624695711E-018
   1.3489038312507298E-016
   3.2253033273581480E-017
   4.1027940180649800E-017
  -9.1922171310761982E-019
   0.0000000000000000     
 -0.18809576533575650     
   0.0000000000000000     
  -3.7516436349733347E-017
  -6.9052573198778354E-018
  -1.1426892751861284E-017
   6.9743399574106898E-018
   1.1724140084691282E-017
   8.3948266492303763E-018
   1.1809353154383883E-017
  -8.6483530321227357E-018
  -1.1967745944904326E-017
  -1.1647935914242115E-032
   8.0252047475715470E-018
   0.0000000000000000     
  -7.1939132641458117E-003
  -2.2775790773051984E-002
  -7.1939132641458108E-003
  -2.2775790773051984E-002
 -0.53206698843864575     
  -9.4549847230170916E-002
 -0.53206698843864575     
  -9.4549847230170916E-002
   0.0000000000000000     
  -2.5098642327204930     
  -2.7309811206548337E-002
  -8.3030724274346032E-002
   2.7309811206548337E-002
   8.3030724274346032E-002
 -0.33304789463040380     
  -6.3145972049971549E-002
  0.33304789463040380     
   6.3145972049971549E-002
   0.0000000000000000     
  -2.6493166054575673E-018
  -5.0336939115840871E-018
  -6.0597776794334480E-018
  -1.5018399121217407E-017
   7.2931773426305383E-017
   1.0291295007357620E-017
  -2.2470806590255533E-017
  -8.0816344625213350E-018
   0.0000000000000000     
   0.0000000000000000     
  -6.4059568775565354E-018
  -1.1751104132310662E-017
  -1.3469196173772861E-020
  -1.1413864648160300E-018
   1.4583152469491868E-019
   3.4492633308035680E-018
   0.0000000000000000     
  -1.1634275871314751E-017
  -1.3493541377403087E-017
  -2.2343705743902312E-018
  -5.2139727093899544E-018
   3.4492633308035680E-018
   6.7541023579439570E-018
   0.0000000000000000     
   0.0000000000000000     
   0.0000000000000000     
   0.0000000000000000     
   2.5774681855031306E-021
  -2.4438408265112558E-019
   0.0000000000000000     
   0.0000000000000000     
   0.0000000000000000     
   8.4860002692306952E-019
   7.0857118208421724E-019
   0.0000000000000000     
   0.0000000000000000     
   6.0939736008224826E-018
   9.6737463116356351E-018
   0.0000000000000000     
   9.5569180506396709E-018
   8.7543701134898233E-018
   0.0000000000000000     
   0.0000000000000000     
   0.0000000000000000     
