   1.8347371300000000E-003
   1.4037322800000000E-002
   6.8842622300000003E-002
  0.23218444299999999     
  0.46794134799999998     
  0.36231198500000000     
 -0.11933241999999999     
 -0.16085415200000000     
   1.1434564400000000     
   1.0000000000000000     
   1.0000000000000000     
   1.8310744300000000E-003
   1.3950172199999999E-002
   6.8445078100000001E-002
  0.23271433599999999     
  0.47019289800000003     
  0.35852085299999997     
 -0.11077755000000000     
 -0.14802626299999999     
   1.1307670200000000     
   1.0000000000000000     
   1.0000000000000000     
   1.8347371300000000E-003
   1.4037322800000000E-002
   6.8842622300000003E-002
  0.23218444299999999     
  0.46794134799999998     
  0.36231198500000000     
 -0.11933241999999999     
 -0.16085415200000000     
   1.1434564400000000     
   1.0000000000000000     
   1.0000000000000000     
   3.3494604300000001E-002
  0.23472695299999999     
  0.81375732599999995     
   1.0000000000000000     
   3.3494604300000001E-002
  0.23472695299999999     
  0.81375732599999995     
   1.0000000000000000     
   3.3494604300000001E-002
  0.23472695299999999     
  0.81375732599999995     
   1.0000000000000000     
   1.8347371300000000E-003
   1.4037322800000000E-002
   6.8842622300000003E-002
  0.23218444299999999     
  0.46794134799999998     
  0.36231198500000000     
 -0.11933241999999999     
 -0.16085415200000000     
   1.1434564400000000     
   1.0000000000000000     
   1.0000000000000000     
   3.3494604300000001E-002
  0.23472695299999999     
  0.81375732599999995     
   1.0000000000000000     
   3.3494604300000001E-002
  0.23472695299999999     
  0.81375732599999995     
   1.0000000000000000     
   3.3494604300000001E-002
  0.23472695299999999     
  0.81375732599999995     
   1.0000000000000000     
