   5.8787092200000000E-032
   2.3331080299999999E-032
  0.34999783699999998     
   1.3881105500000000E-031
  -1.5090759800000000E-031
   2.6474499499999999     
  -7.1042116100000000E-031
   2.4435093800000001     
  -1.1616408499999999     
  -2.7428464199999998E-031
   4.0602834600000000     
  0.11980470999999999     
   1.6647049599999999     
   2.5350313700000000     
  -2.3948764599999999     
  -1.6647049599999999     
   2.5350313700000000     
  -2.3948764599999999     
  -2.9924359399999998E-016
  -2.4435093800000001     
  -1.1616408499999999     
  -1.6647049599999999     
  -2.5350313700000000     
  -2.3948764599999999     
   1.6647049599999999     
  -2.5350313700000000     
  -2.3948764599999999     
  -4.9724131400000001E-016
  -4.0602834600000000     
  0.11980470999999999     
