10
Triplet
118
       5    22         0.00063
       5    29        -0.00055
       5    47        -0.00179
       5    53        -0.00454
       5    58         0.00159
       5    63        -0.00111
       6    22         0.00081
       6    29        -0.00025
       6    39        -0.00055
       6    47        -0.00117
       6    53         0.00214
       6    58        -0.00161
       6    63         0.00069
       7    17        -0.00048
       7    21        -0.00014
       7    28        -0.00060
       7    33         0.00032
       7    37        -0.00020
       7    44         0.00048
       7    49         0.00087
       7    61        -0.00044
       7    65         0.00030
       8    22         0.00252
       8    29        -0.00037
       8    39        -0.00150
       8    47        -0.00111
       8    53         0.00330
       8    58        -0.00175
       8    63         0.00102
       9    20        -0.00074
       9    23         0.00035
       9    25         0.00100
       9    30         0.00339
       9    34         0.00212
       9    35         0.00149
       9    40         0.00175
       9    43         0.00032
       9    45        -0.00146
       9    48        -0.00038
       9    52        -0.00229
       9    54        -0.00119
       9    62        -0.00037
       9    68         0.00053
      10    17         0.00329
      10    21         0.00222
      10    28        -0.00038
      10    33         0.00078
      10    37        -0.00247
      10    44         0.00214
      10    49         0.00180
      10    56        -0.00011
      10    61        -0.00034
      10    65         0.00034
      11    29        -0.00041
      11    39         0.00031
      11    47        -0.00136
      11    53        -0.00299
      11    58         0.00095
      11    63        -0.00055
      12    18         0.00094
      12    19         0.00117
      12    24        -0.00161
      12    26        -0.00029
      12    27         0.00030
      12    31        -0.00012
      12    32        -0.00020
      12    36         0.00083
      12    41        -0.00026
      12    42        -0.00060
      12    46        -0.00010
      12    50         0.00018
      12    51        -0.00045
      12    55        -0.00019
      12    57         0.00030
      12    64         0.00029
      12    66        -0.00012
      13    22         0.00284
      13    29        -0.00086
      13    39        -0.00097
      13    47        -0.00182
      13    53        -0.00212
      13    58         0.00061
      13    63        -0.00043
      14    17        -0.00237
      14    21        -0.00022
      14    28         0.00081
      14    33        -0.00054
      14    37         0.00074
      14    44        -0.00136
      14    49        -0.00126
      14    56         0.00019
      14    61         0.00030
      14    65        -0.00035
      15    20        -0.00742
      15    23        -0.00255
      15    25         0.00953
      15    30         0.00977
      15    34         0.00465
      15    35         0.00431
      15    40         0.00272
      15    43         0.00156
      15    45        -0.00618
      15    48        -0.00056
      15    52        -0.00290
      15    54        -0.00163
      15    60        -0.00041
      15    62        -0.00120
      15    68         0.00070
      15    71        -0.00013
      16    17         0.03679
      16    21         0.00387
      16    33         0.00118
      16    37        -0.00175
      16    44         0.00550
      16    49         0.00056
      16    56        -0.00115
      16    61         0.00033
      16    65        -0.00010
Singlet
109
       5    22        -0.00081
       5    29         0.00076
       5    47         0.00168
       5    53         0.00326
       5    58        -0.00067
       5    63         0.00027
       6    22        -0.00134
       6    29        -0.00015
       6    39         0.00014
       6    47         0.00056
       6    53        -0.00094
       6    58         0.00037
       7    21        -0.00177
       7    28         0.00011
       7    33         0.00016
       7    56        -0.00044
       7    61         0.00034
       8    22        -0.00054
       8    29         0.00057
       8    39         0.00067
       8    47         0.00094
       8    53        -0.00085
       8    58         0.00061
       8    63        -0.00052
       9    20        -0.00164
       9    23        -0.00128
       9    25        -0.00163
       9    30         0.00289
       9    34         0.00159
       9    35         0.00101
       9    40        -0.00028
       9    43         0.00132
       9    45        -0.00014
       9    48        -0.00017
       9    52        -0.00099
       9    54        -0.00142
       9    60         0.00053
       9    62        -0.00021
       9    68         0.00012
      10    17        -0.00056
      10    21        -0.00138
      10    28        -0.00090
      10    33        -0.00039
      10    37         0.00143
      10    49         0.00020
      10    56        -0.00037
      10    61         0.00050
      11    22         0.00153
      11    29        -0.00108
      11    39        -0.00054
      11    47         0.00073
      11    53         0.00052
      11    58        -0.00112
      11    63         0.00039
      12    18        -0.00135
      12    19        -0.00274
      12    24        -0.00331
      12    27        -0.00205
      12    31        -0.00097
      12    32        -0.00019
      12    36        -0.00040
      12    41         0.00034
      12    42         0.00164
      12    46         0.00060
      12    50         0.00027
      12    51        -0.00056
      12    55        -0.00041
      12    57         0.00016
      12    59        -0.00054
      12    64         0.00034
      13    22        -0.00256
      13    29         0.00113
      13    39         0.00116
      13    53         0.00079
      13    58        -0.00018
      13    63         0.00065
      14    17         0.00203
      14    21        -0.00066
      14    28        -0.00096
      14    33        -0.00092
      14    37         0.00041
      14    44         0.00076
      14    49         0.00071
      14    56         0.00092
      14    61         0.00014
      14    65        -0.00014
      15    20        -0.00202
      15    23        -0.00109
      15    25         0.00677
      15    30         0.00518
      15    34         0.00224
      15    35         0.00248
      15    40         0.00286
      15    43         0.00040
      15    45        -0.00248
      15    48        -0.00017
      15    52        -0.00153
      15    54        -0.00087
      15    60        -0.00038
      15    62        -0.00068
      15    68         0.00012
      16    17        -0.02098
      16    21        -0.00102
      16    33        -0.00073
      16    37        -0.00031
      16    44        -0.00156
      16    56         0.00068
      16    61        -0.00040
      16    65        -0.00026
Triplet
183
       5    18        -0.00198
       5    19        -0.00228
       5    24         0.00491
       5    26         0.00823
       5    27         0.00161
       5    31        -0.00075
       5    32        -0.00778
       5    36        -0.00121
       5    38         0.00132
       5    42        -0.00051
       5    46        -0.00166
       5    50         0.00196
       5    51         0.00111
       5    55        -0.00410
       5    57         0.00342
       5    59         0.00058
       5    64        -0.00121
       5    66         0.00203
       5    67         0.00173
       5    70        -0.00020
       5    72         0.00020
       6    18        -0.00103
       6    19        -0.00059
       6    24         0.00551
       6    26         0.00044
       6    27         0.00192
       6    31        -0.00198
       6    32         0.00062
       6    36        -0.00159
       6    38        -0.00113
       6    41         0.00133
       6    42         0.00065
       6    46         0.00217
       6    50        -0.00073
       6    51        -0.00211
       6    55         0.00187
       6    57         0.00134
       6    59        -0.00057
       6    64        -0.00154
       6    66        -0.00078
       6    67        -0.00062
       6    69         0.00011
       6    70         0.00017
       7    20        -0.00139
       7    23        -0.00093
       7    25         0.00180
       7    30         0.00175
       7    34        -0.00098
       7    35         0.00023
       7    40        -0.00041
       7    43         0.00097
       7    45        -0.00044
       7    52         0.00013
       7    54        -0.00010
       7    62         0.00050
       8    19        -0.00108
       8    24         0.00985
       8    26         0.00303
       8    27         0.00370
       8    31        -0.00257
       8    32        -0.00211
       8    36        -0.00075
       8    38        -0.00273
       8    41         0.00091
       8    42        -0.00114
       8    46         0.00258
       8    50        -0.00035
       8    51        -0.00384
       8    55         0.00253
       8    57         0.00220
       8    59        -0.00087
       8    64        -0.00238
       8    66        -0.00053
       8    67        -0.00122
       8    69         0.00014
       8    70         0.00023
       9    17         0.04281
       9    21         0.01244
       9    28         0.00824
       9    33        -0.00191
       9    37        -0.00528
       9    44         0.00636
       9    49         0.00173
       9    56         0.00093
       9    61        -0.00018
       9    65         0.00123
      10    23        -0.00028
      10    25         0.00539
      10    30         0.00313
      10    34        -0.00041
      10    40         0.00166
      10    43        -0.00058
      10    45        -0.00085
      10    48         0.00080
      10    52        -0.00054
      10    54        -0.00012
      10    60         0.00044
      10    62         0.00051
      10    68         0.00030
      10    71         0.00013
      11    18        -0.00055
      11    19         0.00054
      11    24        -0.00073
      11    26        -0.00062
      11    27        -0.00012
      11    32         0.00225
      11    36        -0.00033
      11    38         0.00270
      11    41        -0.00066
      11    42         0.00136
      11    46        -0.00135
      11    50        -0.00063
      11    51         0.00229
      11    55        -0.00190
      11    57         0.00106
      11    64         0.00026
      11    66         0.00038
      11    67         0.00160
      11    69        -0.00013
      12    22         0.00334
      12    29        -0.00071
      12    39        -0.00213
      12    47         0.00040
      12    53         0.00031
      12    58         0.00081
      12    63        -0.00028
      13    18         0.00128
      13    19         0.00268
      13    24         0.00121
      13    26        -0.00097
      13    27         0.00118
      13    31        -0.00065
      13    32         0.00326
      13    36         0.00123
      13    38         0.00233
      13    41        -0.00091
      13    42         0.00023
      13    46        -0.00108
      13    50        -0.00108
      13    51         0.00156
      13    55        -0.00115
      13    57         0.00149
      13    59        -0.00042
      13    64        -0.00014
      13    66        -0.00016
      13    67         0.00150
      14    20         0.00161
      14    23         0.00155
      14    25        -0.00307
      14    30        -0.00253
      14    34         0.00076
      14    35        -0.00043
      14    40         0.00023
      14    43        -0.00053
      14    45         0.00074
      14    48        -0.00013
      14    52         0.00010
      14    60        -0.00013
      14    62        -0.00039
      15    17         0.09966
      15    21         0.01732
      15    28         0.00640
      15    37        -0.00696
      15    44         0.01715
      15    49         0.00396
      15    56        -0.00082
      15    61        -0.00064
      15    65         0.00254
      16    20        -0.00280
      16    23        -0.00012
      16    25         0.00085
      16    30         0.00184
      16    34         0.00219
      16    35         0.00143
      16    40         0.00040
      16    43         0.00053
      16    45        -0.00265
      16    48        -0.00030
      16    52        -0.00085
      16    54        -0.00044
      16    62        -0.00043
      16    68         0.00056
      16    71        -0.00011
Triplet
155
       5    20         0.00059
       5    23        -0.00013
       5    25        -0.00058
       5    30        -0.00064
       5    34        -0.00071
       5    35        -0.00046
       5    40        -0.00038
       5    45         0.00158
       5    52         0.00011
       5    62        -0.00015
       5    68        -0.00029
       6    20         0.00175
       6    23        -0.00090
       6    25         0.00173
       6    30         0.00250
       6    34         0.00034
       6    35         0.00039
       6    40         0.00051
       6    43        -0.00088
       6    48         0.00031
       6    52        -0.00011
       6    54         0.00081
       6    60         0.00038
       6    62        -0.00033
       7    18         0.00249
       7    19        -0.00026
       7    24         0.00238
       7    26         0.00115
       7    27         0.00178
       7    31        -0.00158
       7    32         0.00022
       7    36         0.00011
       7    38        -0.00041
       7    41        -0.00145
       7    42        -0.00072
       7    46        -0.00057
       7    50        -0.00055
       7    51         0.00053
       7    55         0.00064
       7    59        -0.00032
       7    66         0.00031
       8    20        -0.00388
       8    23        -0.00014
       8    25        -0.00189
       8    30        -0.00094
       8    34        -0.00013
       8    35         0.00082
       8    40        -0.00064
       8    43         0.00189
       8    45        -0.00036
       8    52        -0.00067
       8    54        -0.00024
       8    60         0.00030
       8    62         0.00068
       8    68        -0.00012
       9    22        -0.00280
       9    39         0.00053
       9    47        -0.00044
       9    53         0.00016
       9    58        -0.00015
       9    63        -0.00066
      10    18        -0.00361
      10    19        -0.00096
      10    24        -0.00232
      10    26        -0.00194
      10    27        -0.00113
      10    31         0.00122
      10    32        -0.00019
      10    36        -0.00041
      10    41         0.00141
      10    42         0.00155
      10    46         0.00042
      10    50        -0.00043
      10    51        -0.00040
      10    55        -0.00033
      10    57         0.00033
      10    59         0.00016
      10    66        -0.00067
      11    20         0.00011
      11    23         0.00053
      11    30         0.00072
      11    35         0.00028
      11    40         0.00022
      11    43         0.00026
      11    45         0.00029
      11    48        -0.00011
      11    52        -0.00046
      11    54         0.00049
      11    60         0.00051
      11    68        -0.00023
      12    17         0.00193
      12    21        -0.00256
      12    28        -0.00049
      12    33         0.00021
      12    37         0.00080
      12    49         0.00045
      12    56         0.00057
      12    61        -0.00092
      13    20        -0.00332
      13    23        -0.00137
      13    25        -0.00064
      13    30        -0.00036
      13    35         0.00066
      13    40        -0.00060
      13    43         0.00118
      13    45        -0.00029
      13    48         0.00011
      13    52        -0.00017
      13    54        -0.00039
      13    62         0.00056
      13    68         0.00025
      14    18         0.00061
      14    19        -0.00094
      14    24         0.00012
      14    26        -0.00019
      14    27        -0.00043
      14    31         0.00051
      14    36         0.00019
      14    38         0.00024
      14    41        -0.00038
      14    42        -0.00020
      14    46         0.00010
      14    50         0.00061
      14    51        -0.00028
      14    55        -0.00048
      14    57        -0.00087
      14    59         0.00020
      14    64        -0.00060
      14    67         0.00011
      14    69        -0.00012
      15    22         0.00190
      15    29         0.00021
      15    39        -0.00030
      15    47         0.00057
      15    53         0.00016
      15    58         0.00013
      15    63         0.00048
      16    18         0.00395
      16    19         0.00118
      16    24         0.00023
      16    26        -0.00223
      16    27        -0.00028
      16    31        -0.00018
      16    32         0.00101
      16    36         0.00055
      16    41        -0.00096
      16    42        -0.00090
      16    46         0.00023
      16    50        -0.00085
      16    51         0.00044
      16    55        -0.00019
      16    57        -0.00033
      16    59        -0.00034
      16    64        -0.00057
      16    67        -0.00021
Triplet
122
       5    17         0.00165
       5    28        -0.00095
       5    33         0.00069
       5    44        -0.00082
       5    49         0.00094
       5    56        -0.00149
       5    65        -0.00380
       6    17         0.00052
       6    21         0.00032
       6    28         0.00080
       6    33        -0.00064
       6    37         0.00021
       6    44        -0.00023
       6    49        -0.00354
       6    56         0.00160
       6    61         0.00049
       6    65        -0.00040
       7    22         0.00058
       7    39        -0.00056
       7    47         0.00046
       7    53        -0.00020
       7    58         0.00055
       7    63         0.00025
       8    17        -0.00337
       8    21        -0.00237
       8    28        -0.00103
       8    33        -0.00055
       8    37         0.00284
       8    44        -0.00131
       8    49        -0.00571
       8    56         0.00245
       8    65        -0.00021
       9    18        -0.00066
       9    19         0.00094
       9    24         0.00122
       9    26        -0.00310
       9    31        -0.00016
       9    32         0.00756
       9    36        -0.00138
       9    38         0.00235
       9    41         0.00029
       9    42         0.00199
       9    50        -0.00108
       9    51         0.00139
       9    55         0.00038
       9    57         0.00047
       9    59        -0.00025
       9    66        -0.00018
       9    67         0.00098
       9    69        -0.00021
      10    22        -0.00275
      10    29         0.00063
      10    39         0.00162
      10    47         0.00014
      10    53        -0.00109
      10    58         0.00017
      11    17         0.01480
      11    21         0.00402
      11    28         0.00249
      11    33        -0.00034
      11    37        -0.00203
      11    44         0.00228
      11    49         0.00274
      11    56        -0.00185
      11    61        -0.00017
      11    65        -0.00218
      12    20        -0.00182
      12    23        -0.00131
      12    25         0.00021
      12    30         0.00051
      12    34        -0.00041
      12    35         0.00068
      12    40        -0.00120
      12    43         0.00121
      12    45        -0.00030
      12    48        -0.00058
      12    52         0.00061
      12    54         0.00037
      12    60        -0.00037
      12    62        -0.00010
      13    17         0.02003
      13    21         0.00216
      13    28         0.00149
      13    33        -0.00041
      13    37        -0.00011
      13    44         0.00309
      13    49         0.00212
      13    56        -0.00191
      13    61        -0.00019
      13    65        -0.00205
      14    22        -0.00067
      14    29         0.00013
      14    39         0.00035
      14    47        -0.00035
      14    53         0.00051
      14    58        -0.00045
      15    18         0.00264
      15    19         0.00671
      15    24        -0.00310
      15    26        -0.00647
      15    27         0.00062
      15    31         0.00022
      15    32         0.01305
      15    36         0.00299
      15    38         0.00676
      15    41        -0.00157
      15    42         0.00243
      15    46        -0.00085
      15    50        -0.00119
      15    51         0.00199
      15    57         0.00148
      15    59        -0.00100
      15    66        -0.00068
      15    67         0.00213
      15    69        -0.00047
      16    22         0.00220
      16    29        -0.00077
      16    39        -0.00082
      16    47        -0.00131
      16    53        -0.00185
      16    58         0.00048
      16    63        -0.00050
Singlet
143
       5    20        -0.00014
       5    23         0.00010
       5    34         0.00026
       5    35         0.00010
       5    45        -0.00042
       5    48         0.00013
       5    52         0.00023
       5    54         0.00021
       5    62         0.00011
       6    20        -0.00131
       6    23         0.00063
       6    25        -0.00053
       6    30        -0.00032
       6    34        -0.00010
       6    43         0.00069
       6    45         0.00021
       6    48         0.00032
       6    52         0.00030
       6    54        -0.00010
       6    60        -0.00017
       6    68        -0.00011
       7    18        -0.00177
       7    19         0.00028
       7    24        -0.00086
       7    26         0.00011
       7    27        -0.00093
       7    31         0.00017
       7    32        -0.00016
       7    36        -0.00025
       7    41         0.00089
       7    42         0.00052
       7    46        -0.00026
       7    66        -0.00013
       8    20         0.00243
       8    23        -0.00023
       8    25         0.00073
       8    30        -0.00076
       8    35        -0.00040
       8    40         0.00013
       8    43        -0.00145
       8    52         0.00086
       8    60        -0.00025
       8    62        -0.00033
       9    29         0.00110
       9    39        -0.00011
       9    47         0.00135
       9    53        -0.00083
       9    63         0.00056
      10    18         0.00188
      10    19        -0.00075
      10    24        -0.00041
      10    26         0.00112
      10    27        -0.00082
      10    31         0.00073
      10    32        -0.00014
      10    36         0.00025
      10    38         0.00012
      10    41        -0.00104
      10    42        -0.00103
      10    50        -0.00016
      10    51         0.00031
      10    55         0.00066
      10    57        -0.00048
      10    59        -0.00032
      10    64        -0.00018
      10    66         0.00042
      11    20         0.00077
      11    23        -0.00023
      11    25        -0.00022
      11    30        -0.00023
      11    34        -0.00045
      11    35         0.00016
      11    40         0.00023
      11    43        -0.00041
      11    45        -0.00067
      11    48         0.00046
      11    52         0.00016
      11    54        -0.00101
      11    60        -0.00050
      11    68         0.00010
      12    21         0.00117
      12    28        -0.00064
      12    33        -0.00040
      12    37        -0.00049
      12    44        -0.00040
      12    49        -0.00084
      12    56        -0.00103
      12    61         0.00080
      12    65         0.00018
      13    20         0.00069
      13    23         0.00059
      13    25         0.00099
      13    30         0.00021
      13    34         0.00083
      13    35        -0.00020
      13    40         0.00019
      13    43        -0.00058
      13    45        -0.00036
      13    48        -0.00036
      13    54         0.00058
      13    62        -0.00071
      13    68        -0.00014
      14    18        -0.00119
      14    19         0.00108
      14    26         0.00033
      14    27        -0.00062
      14    31        -0.00042
      14    36        -0.00024
      14    38        -0.00033
      14    41         0.00048
      14    46        -0.00022
      14    50        -0.00077
      14    55         0.00051
      14    57         0.00068
      14    59        -0.00012
      14    64         0.00047
      14    66         0.00041
      14    67        -0.00013
      15    22        -0.00110
      15    29        -0.00027
      15    39         0.00032
      15    47        -0.00045
      15    58         0.00024
      15    63        -0.00056
      16    18        -0.00255
      16    24         0.00086
      16    26         0.00187
      16    27         0.00084
      16    31        -0.00044
      16    32        -0.00075
      16    36        -0.00023
      16    38         0.00055
      16    41         0.00065
      16    42         0.00069
      16    46        -0.00015
      16    50         0.00057
      16    51        -0.00059
      16    55         0.00025
      16    57         0.00033
      16    59         0.00036
      16    64         0.00050
      16    67         0.00020
      16    69        -0.00014
Triplet
113
       5    22         0.00065
       5    29        -0.00037
       5    39        -0.00042
       5    47        -0.00137
       5    53         0.00118
       5    58        -0.00156
       5    63         0.00132
       6    22         0.00199
       6    29        -0.00092
       6    39        -0.00112
       6    47        -0.00285
       6    53        -0.00073
       6    58        -0.00081
       6    63         0.00108
       7    17        -0.00413
       7    21        -0.00023
       7    28        -0.00093
       7    33         0.00048
       7    37        -0.00074
       7    44        -0.00040
       7    49         0.00051
       7    61         0.00018
       8    22         0.00130
       8    29        -0.00100
       8    39        -0.00034
       8    47        -0.00447
       8    53        -0.00095
       8    58        -0.00131
       8    63         0.00107
       9    20         0.00017
       9    23         0.00027
       9    25        -0.00655
       9    30        -0.00185
       9    34         0.00142
       9    35         0.00150
       9    40        -0.00051
       9    43         0.00080
       9    45         0.00119
       9    48        -0.00111
       9    52        -0.00071
       9    54         0.00038
       9    60        -0.00034
       9    62        -0.00024
       9    68         0.00014
      10    17        -0.00826
      10    21        -0.00261
      10    28        -0.00263
      10    33         0.00058
      10    37         0.00076
      10    44        -0.00069
      10    49         0.00089
      10    56         0.00038
      10    61        -0.00028
      10    65        -0.00026
      11    22         0.00080
      11    29        -0.00014
      11    39        -0.00051
      11    47         0.00024
      11    53         0.00108
      11    58        -0.00012
      12    18        -0.00140
      12    24        -0.00241
      12    26         0.00028
      12    27        -0.00053
      12    36        -0.00095
      12    38         0.00016
      12    41         0.00084
      12    42         0.00052
      12    46         0.00028
      12    50        -0.00015
      12    57         0.00028
      12    59         0.00053
      12    64         0.00019
      13    22        -0.00047
      13    29         0.00021
      13    39         0.00019
      13    47        -0.00130
      13    53         0.00087
      13    58        -0.00047
      13    63         0.00028
      14    17         0.00722
      14    21         0.00067
      14    28         0.00120
      14    33        -0.00072
      14    37         0.00057
      14    44         0.00061
      14    49        -0.00075
      14    56        -0.00020
      14    61         0.00019
      15    20         0.00355
      15    23        -0.00065
      15    25        -0.00541
      15    30        -0.00371
      15    34         0.00109
      15    35        -0.00029
      15    40        -0.00059
      15    43        -0.00075
      15    45         0.00259
      15    48        -0.00041
      15    52         0.00030
      15    60        -0.00015
      15    62        -0.00061
      15    71        -0.00015
      16    17        -0.00149
      16    21         0.00011
      16    28         0.00139
      16    33        -0.00055
      16    37         0.00088
      16    44        -0.00166
      16    49        -0.00156
      16    56        -0.00017
      16    61         0.00022
      16    65        -0.00030
Singlet
101
       5    22        -0.00043
       5    29         0.00022
       5    39         0.00021
       5    47         0.00029
       5    53        -0.00035
       5    58         0.00047
       5    63        -0.00024
       6    22        -0.00179
       6    29         0.00059
       6    39         0.00113
       6    47         0.00073
       6    53        -0.00013
       6    58         0.00011
       6    63         0.00033
       7    17         0.00225
       7    21        -0.00085
       7    28        -0.00052
       7    37         0.00120
       7    44         0.00015
       7    49        -0.00040
       7    56        -0.00055
       7    61         0.00047
       8    22        -0.00011
       8    39        -0.00019
       8    47         0.00025
       8    53         0.00038
       8    58         0.00045
       9    20         0.00071
       9    23        -0.00020
       9    25        -0.00240
       9    30        -0.00054
       9    34         0.00149
       9    35         0.00085
       9    40         0.00065
       9    43        -0.00040
       9    45         0.00106
       9    48         0.00021
       9    52        -0.00028
       9    54         0.00018
       9    60         0.00048
       9    62        -0.00012
      10    17         0.00236
      10    28         0.00053
      10    33        -0.00019
      10    37        -0.00038
      10    44         0.00031
      10    49         0.00010
      10    61         0.00059
      11    22        -0.00011
      11    29        -0.00014
      11    39         0.00033
      11    53        -0.00042
      11    58        -0.00019
      11    63        -0.00017
      12    18         0.00049
      12    24        -0.00192
      12    26         0.00028
      12    27        -0.00058
      12    31         0.00034
      12    32        -0.00011
      12    36         0.00140
      12    38        -0.00031
      12    41        -0.00047
      12    42        -0.00063
      12    46        -0.00021
      12    50        -0.00024
      12    51        -0.00026
      12    57         0.00029
      12    59        -0.00038
      12    64         0.00017
      13    22        -0.00020
      13    39        -0.00013
      13    53        -0.00023
      13    58         0.00058
      13    63         0.00019
      14    17        -0.00268
      14    21         0.00014
      14    37        -0.00063
      14    44        -0.00021
      14    49         0.00031
      14    56         0.00034
      15    20         0.00050
      15    23        -0.00235
      15    25        -0.00021
      15    30         0.00033
      15    34        -0.00024
      15    35         0.00043
      15    40        -0.00067
      15    43         0.00045
      15    45         0.00103
      15    48        -0.00040
      15    60        -0.00015
      15    68         0.00020
      16    17         0.00163
      16    21         0.00129
      16    28        -0.00012
      16    33         0.00017
      16    37        -0.00084
      16    44         0.00048
      16    49         0.00080
      16    61        -0.00050
Singlet
122
       5    17        -0.00723
       5    21        -0.00126
       5    28        -0.00031
       5    33        -0.00020
       5    37         0.00071
       5    44        -0.00120
       5    49        -0.00054
       5    56         0.00038
       6    17         0.00198
       6    21         0.00080
       6    28        -0.00064
       6    33        -0.00017
       6    44         0.00105
       6    49         0.00142
       6    56         0.00014
       6    65        -0.00014
       7    22         0.00056
       7    29         0.00083
       7    39         0.00051
       7    47        -0.00066
       7    53         0.00064
       7    58        -0.00020
       7    63         0.00012
       8    17         0.00205
       8    21         0.00019
       8    28         0.00033
       8    33         0.00038
       8    37        -0.00198
       8    44         0.00080
       8    49         0.00265
       8    56        -0.00059
       8    65        -0.00125
       9    18         0.00276
       9    19         0.00269
       9    24         0.00159
       9    26        -0.00108
       9    27         0.00113
       9    31         0.00219
       9    32         0.00523
       9    36         0.00045
       9    41        -0.00035
       9    42        -0.00230
       9    46        -0.00018
       9    50        -0.00034
       9    51        -0.00031
       9    55         0.00186
       9    57        -0.00056
       9    59         0.00031
       9    66        -0.00034
       9    67        -0.00019
       9    69        -0.00026
       9    72        -0.00012
      10    22         0.00302
      10    29        -0.00106
      10    39        -0.00238
      10    47        -0.00020
      10    53         0.00224
      10    58        -0.00113
      10    63         0.00038
      11    17        -0.00887
      11    21        -0.00327
      11    28        -0.00060
      11    33        -0.00117
      11    37         0.00177
      11    49        -0.00140
      11    56         0.00237
      11    61         0.00044
      11    65         0.00217
      12    20         0.00270
      12    23         0.00151
      12    25         0.00381
      12    30        -0.00092
      12    34         0.00029
      12    40         0.00266
      12    43        -0.00173
      12    45         0.00024
      12    52        -0.00028
      12    54         0.00103
      12    60        -0.00061
      12    62        -0.00018
      12    71         0.00011
      13    17        -0.01279
      13    28         0.00046
      13    37        -0.00131
      13    44        -0.00051
      13    49        -0.00263
      13    56         0.00193
      13    61        -0.00018
      13    65         0.00253
      14    22         0.00119
      14    29        -0.00112
      14    39        -0.00068
      14    47         0.00170
      14    53        -0.00182
      14    63        -0.00031
      15    19         0.00108
      15    24        -0.00324
      15    26        -0.00534
      15    27        -0.00093
      15    32         0.00836
      15    36         0.00033
      15    38         0.00166
      15    41         0.00071
      15    42         0.00254
      15    46         0.00245
      15    50         0.00056
      15    51        -0.00202
      15    55         0.00351
      15    57        -0.00140
      15    59        -0.00067
      15    64         0.00034
      15    66        -0.00099
      15    67        -0.00067
      15    69        -0.00053
      15    72        -0.00011
      16    22        -0.00365
      16    29         0.00097
      16    39         0.00104
      16    47         0.00279
      16    53         0.00440
      16    58        -0.00200
      16    63         0.00129
Singlet
153
       5    20         0.00012
       5    23         0.00059
       5    25        -0.00099
       5    30        -0.00099
       5    34         0.00013
       5    35        -0.00028
       5    40        -0.00023
       5    43        -0.00033
       5    45        -0.00053
       5    48         0.00036
       5    52         0.00091
       5    54         0.00062
       5    60         0.00027
       5    62         0.00060
       6    20         0.00012
       6    23         0.00081
       6    25         0.00045
       6    30         0.00041
       6    34        -0.00029
       6    35        -0.00043
       6    40         0.00020
       6    48         0.00018
       6    52        -0.00016
       6    54        -0.00042
       6    60        -0.00012
       7    18         0.00033
       7    19         0.00141
       7    24         0.00148
       7    26        -0.00034
       7    31        -0.00062
       7    36         0.00044
       7    38         0.00030
       7    42         0.00014
       7    46         0.00025
       7    51        -0.00056
       7    55        -0.00022
       7    57        -0.00015
       7    64        -0.00022
       8    20         0.00057
       8    23         0.00042
       8    25        -0.00183
       8    30        -0.00074
       8    34        -0.00057
       8    35        -0.00034
       8    40         0.00029
       8    45         0.00011
       8    48         0.00014
       8    52         0.00019
       8    62         0.00045
       8    68        -0.00023
       9    22         0.00248
       9    29        -0.00101
       9    39        -0.00080
       9    47        -0.00045
       9    53        -0.00093
       9    58        -0.00055
       9    63        -0.00024
      10    18         0.00079
      10    19         0.00104
      10    24         0.00287
      10    26        -0.00148
      10    27         0.00040
      10    31        -0.00088
      10    32        -0.00043
      10    36         0.00089
      10    38         0.00086
      10    42         0.00072
      10    46         0.00085
      10    51        -0.00157
      10    55        -0.00027
      10    57        -0.00041
      10    59        -0.00013
      10    64        -0.00028
      10    66         0.00020
      10    72         0.00011
      11    20        -0.00075
      11    23        -0.00058
      11    25         0.00073
      11    30         0.00271
      11    34        -0.00063
      11    35         0.00137
      11    40         0.00157
      11    43         0.00097
      11    45         0.00046
      11    48        -0.00063
      11    52        -0.00148
      11    54         0.00011
      11    60        -0.00027
      12    17        -0.00022
      12    21         0.00237
      12    28         0.00050
      12    33         0.00034
      12    37        -0.00100
      12    44        -0.00047
      12    49        -0.00047
      12    56        -0.00023
      12    61        -0.00071
      13    20        -0.00049
      13    23        -0.00060
      13    25         0.00328
      13    30         0.00155
      13    34         0.00016
      13    35        -0.00080
      13    40        -0.00029
      13    45        -0.00044
      13    48         0.00035
      13    52        -0.00046
      13    54        -0.00147
      13    62        -0.00043
      13    68         0.00023
      14    18         0.00058
      14    19        -0.00268
      14    24         0.00069
      14    26         0.00089
      14    27        -0.00257
      14    31         0.00099
      14    32         0.00057
      14    36        -0.00033
      14    38        -0.00071
      14    41        -0.00139
      14    42         0.00038
      14    46        -0.00059
      14    50         0.00068
      14    51         0.00074
      14    55        -0.00042
      14    57        -0.00046
      14    59        -0.00086
      14    64        -0.00017
      14    66        -0.00013
      15    29        -0.00073
      15    39         0.00046
      15    47        -0.00150
      15    53        -0.00148
      15    58         0.00032
      15    63         0.00026
      16    19        -0.00317
      16    24        -0.00122
      16    26         0.00106
      16    27        -0.00062
      16    31         0.00182
      16    32        -0.00252
      16    36        -0.00026
      16    38         0.00021
      16    41        -0.00044
      16    46         0.00060
      16    50        -0.00058
      16    51        -0.00073
      16    55         0.00134
      16    57        -0.00066
      16    59         0.00012
      16    64         0.00017
      16    66         0.00022
      16    67         0.00027
