32
72
10
Triplet
116
       5    22         0.00039
       5    29        -0.00045
       5    47        -0.00171
       5    53        -0.00524
       5    58         0.00203
       5    63        -0.00141
       6    22         0.00174
       6    29        -0.00089
       6    39        -0.00078
       6    47        -0.00197
       6    53         0.00219
       6    58        -0.00205
       6    63         0.00094
       7    17        -0.00458
       7    21        -0.00087
       7    28        -0.00163
       7    33         0.00108
       7    37        -0.00077
       7    44         0.00107
       7    49         0.00192
       7    56        -0.00045
       7    61        -0.00055
       7    65         0.00047
       8    22         0.00512
       8    29        -0.00128
       8    39        -0.00199
       8    47        -0.00179
       8    53         0.00333
       8    58        -0.00207
       8    63         0.00127
       9    20         0.00022
       9    23         0.00097
       9    25         0.00090
       9    30         0.00177
       9    34         0.00151
       9    35         0.00076
       9    40         0.00128
       9    43        -0.00022
       9    45        -0.00105
       9    48        -0.00024
       9    52        -0.00145
       9    54        -0.00058
       9    62        -0.00016
       9    68         0.00046
      10    17         0.03195
      10    21         0.00839
      10    28        -0.00024
      10    33         0.00227
      10    37        -0.00585
      10    44         0.00658
      10    49         0.00457
      10    56        -0.00109
      10    61        -0.00042
      10    65         0.00068
      11    29        -0.00049
      11    39         0.00027
      11    47        -0.00159
      11    53        -0.00312
      11    58         0.00095
      11    63        -0.00056
      12    18         0.00241
      12    19         0.00223
      12    24        -0.00153
      12    26        -0.00020
      12    27         0.00052
      12    36         0.00085
      12    41        -0.00048
      12    42        -0.00090
      12    46        -0.00033
      12    50         0.00018
      12    51        -0.00035
      12    55        -0.00013
      12    57         0.00019
      12    64         0.00034
      13    22         0.00626
      13    29        -0.00178
      13    39        -0.00154
      13    47        -0.00257
      13    53        -0.00228
      13    58         0.00039
      13    63        -0.00031
      14    17        -0.01944
      14    21        -0.00259
      14    28         0.00145
      14    33        -0.00161
      14    37         0.00258
      14    44        -0.00392
      14    49        -0.00309
      14    56         0.00079
      14    61         0.00037
      14    65        -0.00061
      15    20        -0.00690
      15    23        -0.00199
      15    25         0.00604
      15    30         0.00572
      15    34         0.00303
      15    35         0.00270
      15    40         0.00136
      15    43         0.00114
      15    45        -0.00355
      15    48        -0.00049
      15    52        -0.00146
      15    54        -0.00096
      15    60        -0.00029
      15    62        -0.00064
      15    68         0.00062
      15    71        -0.00010
      16    17         0.70544
      16    21         0.04240
      16    28         0.00667
      16    33         0.00084
      16    37        -0.00770
      16    44         0.01872
      16    49         0.00341
      16    56        -0.00253
      16    61         0.00043
Singlet
107
       5    22        -0.00153
       5    29         0.00116
       5    47         0.00227
       5    53         0.00344
       5    58        -0.00044
       6    22        -0.00122
       6    29        -0.00084
       6    53        -0.00130
       6    58         0.00013
       6    63         0.00012
       7    17        -0.00468
       7    21        -0.00340
       7    28        -0.00084
       7    33         0.00097
       7    37        -0.00052
       7    44         0.00052
       7    49         0.00097
       7    56        -0.00088
       7    61         0.00033
       7    65         0.00024
       8    22         0.00048
       8    29        -0.00014
       8    39         0.00071
       8    47         0.00057
       8    53        -0.00143
       8    58         0.00055
       8    63        -0.00044
       9    20        -0.00151
       9    23        -0.00192
       9    25        -0.00334
       9    30         0.00094
       9    34         0.00077
       9    40        -0.00140
       9    43         0.00101
       9    45         0.00062
       9    52         0.00013
       9    54        -0.00080
       9    60         0.00068
      10    17         0.02853
      10    21         0.00284
      10    28        -0.00102
      10    33         0.00090
      10    37        -0.00113
      10    44         0.00428
      10    49         0.00298
      10    56        -0.00149
      10    61         0.00052
      10    65         0.00029
      11    22         0.00297
      11    29        -0.00147
      11    39        -0.00086
      11    47         0.00088
      11    53         0.00090
      11    58        -0.00141
      11    63         0.00048
      12    18        -0.00240
      12    19        -0.00529
      12    24        -0.00472
      12    26         0.00027
      12    27        -0.00296
      12    31        -0.00120
      12    36        -0.00082
      12    41         0.00030
      12    42         0.00200
      12    46         0.00052
      12    50         0.00029
      12    51        -0.00048
      12    55        -0.00038
      12    59        -0.00061
      12    64         0.00040
      13    22        -0.00339
      13    29         0.00095
      13    39         0.00120
      13    47        -0.00049
      13    53         0.00107
      13    58        -0.00054
      13    63         0.00092
      14    17        -0.01027
      14    21        -0.00393
      14    28        -0.00103
      14    33        -0.00230
      14    37         0.00240
      14    44        -0.00146
      14    49        -0.00093
      14    56         0.00171
      14    61         0.00021
      14    65        -0.00040
      15    20         0.00403
      15    23         0.00098
      15    25         0.00124
      15    30        -0.00123
      15    34        -0.00036
      15    35         0.00012
      15    40         0.00148
      15    43        -0.00043
      15    45         0.00130
      15    52         0.00026
      15    60        -0.00025
      16    17         0.70549
      16    21         0.03868
      16    28         0.00754
      16    33        -0.00195
      16    37        -0.00643
      16    44         0.01100
      16    49         0.00304
      16    56        -0.00053
      16    61        -0.00039
Triplet
191
       5    18        -0.00345
       5    19        -0.00386
       5    24         0.00834
       5    26         0.01299
       5    27         0.00265
       5    31        -0.00144
       5    32        -0.01110
       5    36        -0.00136
       5    38         0.00134
       5    41         0.00014
       5    42        -0.00062
       5    46        -0.00184
       5    50         0.00235
       5    51         0.00126
       5    55        -0.00518
       5    57         0.00441
       5    59         0.00066
       5    64        -0.00165
       5    66         0.00248
       5    67         0.00209
       5    70        -0.00025
       5    72         0.00023
       6    18        -0.00174
       6    19        -0.00090
       6    24         0.00805
       6    26        -0.00038
       6    27         0.00236
       6    31        -0.00263
       6    32         0.00088
       6    36        -0.00252
       6    38        -0.00114
       6    41         0.00156
       6    42         0.00091
       6    46         0.00237
       6    50        -0.00107
       6    51        -0.00224
       6    55         0.00205
       6    57         0.00147
       6    59        -0.00066
       6    64        -0.00163
       6    66        -0.00097
       6    67        -0.00077
       6    69         0.00012
       6    70         0.00023
       7    20        -0.00257
       7    23        -0.00164
       7    25         0.00284
       7    30         0.00249
       7    34        -0.00146
       7    35         0.00030
       7    40        -0.00063
       7    43         0.00133
       7    45        -0.00063
       7    48        -0.00017
       7    52         0.00017
       7    54        -0.00010
       7    62         0.00061
       8    18         0.00024
       8    19        -0.00230
       8    24         0.01804
       8    26         0.00416
       8    27         0.00547
       8    31        -0.00415
       8    32        -0.00370
       8    36        -0.00121
       8    38        -0.00344
       8    41         0.00085
       8    42        -0.00138
       8    46         0.00280
       8    50        -0.00084
       8    51        -0.00425
       8    55         0.00261
       8    57         0.00274
       8    59        -0.00113
       8    64        -0.00266
       8    66        -0.00068
       8    67        -0.00145
       8    69         0.00017
       8    70         0.00030
       9    17         0.16403
       9    21         0.03217
       9    28         0.01473
       9    33        -0.00305
       9    37        -0.00864
       9    44         0.01038
       9    49         0.00253
       9    56         0.00124
       9    61        -0.00017
       9    65         0.00185
      10    20         0.00030
      10    23        -0.00062
      10    25         0.01006
      10    30         0.00507
      10    34        -0.00053
      10    40         0.00230
      10    43        -0.00084
      10    45        -0.00110
      10    48         0.00112
      10    52        -0.00066
      10    54        -0.00018
      10    60         0.00062
      10    62         0.00063
      10    68         0.00035
      10    71         0.00014
      11    18        -0.00156
      11    19         0.00141
      11    24        -0.00171
      11    26        -0.00101
      11    27        -0.00012
      11    32         0.00404
      11    36        -0.00031
      11    38         0.00360
      11    41        -0.00075
      11    42         0.00188
      11    46        -0.00152
      11    50        -0.00063
      11    51         0.00265
      11    55        -0.00205
      11    57         0.00112
      11    59         0.00011
      11    64         0.00035
      11    66         0.00044
      11    67         0.00184
      11    69        -0.00016
      12    22         0.01059
      12    29        -0.00145
      12    39        -0.00346
      12    47         0.00021
      12    53         0.00049
      12    58         0.00093
      12    63        -0.00028
      13    18         0.00407
      13    19         0.00668
      13    24         0.00202
      13    26        -0.00243
      13    27         0.00190
      13    31        -0.00119
      13    32         0.00560
      13    36         0.00209
      13    38         0.00318
      13    41        -0.00129
      13    42         0.00044
      13    46        -0.00130
      13    50        -0.00137
      13    51         0.00188
      13    55        -0.00124
      13    57         0.00167
      13    59        -0.00056
      13    66        -0.00024
      13    67         0.00171
      14    20         0.00407
      14    23         0.00375
      14    25        -0.00630
      14    30        -0.00415
      14    34         0.00118
      14    35        -0.00067
      14    40         0.00035
      14    43        -0.00077
      14    45         0.00103
      14    48        -0.00018
      14    52         0.00012
      14    60        -0.00015
      14    62        -0.00049
      14    68        -0.00011
      14    71        -0.00011
      15    17         0.69149
      15    21         0.06203
      15    28         0.01694
      15    33        -0.00170
      15    37        -0.01188
      15    44         0.02731
      15    49         0.00658
      15    56        -0.00121
      15    61        -0.00076
      15    65         0.00366
      16    20        -0.01099
      16    23        -0.00062
      16    25         0.00277
      16    30         0.00376
      16    34         0.00366
      16    35         0.00244
      16    40         0.00085
      16    43         0.00090
      16    45        -0.00365
      16    48        -0.00043
      16    52        -0.00114
      16    54        -0.00064
      16    60        -0.00014
      16    62        -0.00054
      16    68         0.00069
      16    71        -0.00011
Triplet
167
       5    20         0.00107
       5    23        -0.00067
       5    25        -0.00048
       5    30        -0.00087
       5    34        -0.00115
       5    35        -0.00054
       5    40        -0.00052
       5    45         0.00173
       5    60        -0.00011
       5    62        -0.00024
       5    68        -0.00031
       6    20         0.00187
       6    23        -0.00141
       6    25         0.00218
       6    30         0.00313
       6    34         0.00093
       6    35         0.00080
       6    40         0.00043
       6    43        -0.00080
       6    48         0.00060
       6    54         0.00114
       6    60         0.00043
       6    62        -0.00050
       6    71        -0.00014
       7    18         0.00341
       7    19        -0.00139
       7    24         0.00291
       7    26         0.00190
       7    27         0.00252
       7    31        -0.00191
       7    32         0.00014
       7    36         0.00059
       7    38        -0.00096
       7    41        -0.00187
       7    42        -0.00056
       7    46        -0.00076
       7    50        -0.00084
       7    51         0.00073
       7    55         0.00091
       7    59        -0.00056
       7    64        -0.00014
       7    66         0.00040
       7    72         0.00017
       8    20        -0.02120
       8    23        -0.00188
       8    25        -0.00413
       8    30        -0.00068
       8    34        -0.00050
       8    35         0.00201
       8    40        -0.00128
       8    43         0.00422
       8    45        -0.00050
       8    48         0.00056
       8    52        -0.00073
       8    54        -0.00021
       8    60         0.00034
       8    62         0.00084
       8    68        -0.00020
       9    22        -0.00877
       9    29        -0.00013
       9    39         0.00064
       9    47        -0.00079
       9    53         0.00043
       9    58        -0.00027
       9    63        -0.00086
      10    18        -0.03119
      10    19        -0.00452
      10    24        -0.00476
      10    26        -0.00918
      10    27        -0.00062
      10    31         0.00245
      10    32         0.00026
      10    36        -0.00169
      10    38        -0.00027
      10    41         0.00327
      10    42         0.00390
      10    46         0.00018
      10    50        -0.00116
      10    51        -0.00030
      10    55        -0.00030
      10    57         0.00052
      10    66        -0.00102
      10    67        -0.00013
      11    23         0.00111
      11    25         0.00033
      11    30         0.00065
      11    34        -0.00044
      11    35         0.00026
      11    43         0.00049
      11    45         0.00064
      11    48        -0.00013
      11    52        -0.00046
      11    54         0.00069
      11    60         0.00064
      11    68        -0.00029
      12    17         0.02464
      12    21        -0.01132
      12    28        -0.00087
      12    33         0.00055
      12    37         0.00130
      12    44         0.00015
      12    49         0.00062
      12    56         0.00080
      12    61        -0.00125
      13    20        -0.02214
      13    23        -0.00668
      13    25        -0.00344
      13    30        -0.00099
      13    34        -0.00080
      13    35         0.00143
      13    40        -0.00141
      13    43         0.00296
      13    45         0.00014
      13    48         0.00061
      13    54        -0.00048
      13    60        -0.00014
      13    62         0.00069
      13    68         0.00020
      14    18         0.01447
      14    19        -0.00216
      14    24         0.00090
      14    26         0.00257
      14    27        -0.00091
      14    31         0.00027
      14    32         0.00019
      14    36         0.00051
      14    38         0.00063
      14    41        -0.00116
      14    42        -0.00118
      14    46         0.00017
      14    50         0.00129
      14    51        -0.00042
      14    55        -0.00083
      14    57        -0.00105
      14    59         0.00051
      14    64        -0.00063
      14    67         0.00012
      14    69        -0.00018
      15    22         0.00987
      15    29         0.00063
      15    39        -0.00050
      15    47         0.00076
      15    53         0.00015
      15    58         0.00018
      15    63         0.00066
      16    18         0.70339
      16    19         0.03085
      16    24         0.00117
      16    26        -0.03079
      16    27        -0.00291
      16    31         0.00128
      16    32         0.00469
      16    36         0.00104
      16    38         0.00248
      16    41        -0.00474
      16    42        -0.00480
      16    46         0.00219
      16    50        -0.00247
      16    51         0.00028
      16    55        -0.00049
      16    57        -0.00036
      16    59        -0.00048
      16    64        -0.00062
      16    66        -0.00052
      16    67        -0.00032
      16    69         0.00025
      16    70         0.00020
Triplet
127
       5    17        -0.00606
       5    21        -0.00196
       5    28        -0.00365
       5    33         0.00206
       5    37         0.00021
       5    44        -0.00212
       5    49         0.00127
       5    56        -0.00210
       5    65        -0.00511
       6    17         0.01112
       6    21         0.00320
       6    28         0.00393
       6    33        -0.00237
       6    37         0.00050
       6    44        -0.00050
       6    49        -0.00508
       6    56         0.00233
       6    61         0.00063
       6    65        -0.00031
       7    22         0.00135
       7    39        -0.00083
       7    47         0.00093
       7    53        -0.00028
       7    58         0.00093
       7    63         0.00022
       8    17        -0.04288
       8    21        -0.01122
       8    28        -0.00135
       8    33        -0.00220
       8    37         0.00706
       8    44        -0.00585
       8    49        -0.00949
       8    56         0.00375
       8    65        -0.00032
       9    18        -0.00520
       9    19         0.00020
       9    24         0.00179
       9    26        -0.00455
       9    27        -0.00029
       9    31        -0.00075
       9    32         0.00681
       9    36        -0.00215
       9    38         0.00235
       9    41         0.00071
       9    42         0.00275
       9    46         0.00011
       9    50        -0.00110
       9    51         0.00146
       9    55        -0.00016
       9    57         0.00034
       9    67         0.00095
       9    69        -0.00011
      10    22        -0.01316
      10    29         0.00205
      10    39         0.00340
      10    47         0.00091
      10    53        -0.00185
      10    58         0.00047
      10    63        -0.00014
      11    17         0.24557
      11    21         0.03013
      11    28         0.00989
      11    33        -0.00128
      11    37        -0.00703
      11    44         0.01033
      11    49         0.00559
      11    56        -0.00293
      11    61        -0.00034
      11    65        -0.00249
      12    20        -0.00883
      12    23        -0.00502
      12    25        -0.00066
      12    30         0.00077
      12    34        -0.00090
      12    35         0.00108
      12    40        -0.00215
      12    43         0.00214
      12    45        -0.00053
      12    48        -0.00077
      12    52         0.00078
      12    54         0.00023
      12    60        -0.00049
      13    17         0.65859
      13    21         0.03482
      13    28         0.01046
      13    33        -0.00254
      13    37        -0.00349
      13    44         0.01353
      13    49         0.00444
      13    56        -0.00314
      13    61        -0.00023
      13    65        -0.00216
      14    22        -0.00538
      14    29         0.00069
      14    39         0.00090
      14    47        -0.00036
      14    53         0.00063
      14    58        -0.00056
      15    18         0.01307
      15    19         0.01837
      15    24        -0.00642
      15    26        -0.00889
      15    27         0.00093
      15    31        -0.00040
      15    32         0.01245
      15    36         0.00344
      15    38         0.00531
      15    41        -0.00193
      15    42         0.00134
      15    46        -0.00158
      15    50        -0.00149
      15    51         0.00249
      15    55        -0.00109
      15    57         0.00146
      15    59        -0.00076
      15    64         0.00036
      15    66        -0.00040
      15    67         0.00209
      15    69        -0.00016
      15    72         0.00012
      16    22         0.02596
      16    29        -0.00278
      16    39        -0.00212
      16    47        -0.00297
      16    53        -0.00306
      16    58         0.00056
      16    63        -0.00059
Singlet
152
       5    23        -0.00031
       5    25         0.00029
       5    34         0.00023
       5    35         0.00023
       5    45        -0.00093
       5    48         0.00023
       5    52         0.00016
       5    54         0.00025
       5    60         0.00010
       5    68         0.00014
       6    20        -0.00477
       6    23         0.00164
       6    25        -0.00205
       6    30        -0.00136
       6    34         0.00022
       6    35         0.00011
       6    40        -0.00046
       6    43         0.00157
       6    45         0.00032
       6    48         0.00058
       6    52         0.00047
       6    60        -0.00028
       7    18        -0.00704
       7    19        -0.00010
       7    24        -0.00383
       7    26        -0.00014
       7    27        -0.00210
       7    31         0.00099
       7    32        -0.00048
       7    38        -0.00030
       7    41         0.00170
       7    42         0.00132
       7    46        -0.00034
       7    50        -0.00018
       7    55         0.00020
       7    59        -0.00012
       7    64        -0.00012
       7    66        -0.00012
       8    20        -0.00336
       8    23        -0.00202
       8    25         0.00173
       8    30        -0.00035
       8    34        -0.00019
       8    43        -0.00098
       8    45         0.00019
       8    48         0.00048
       8    52         0.00128
       8    54         0.00019
       8    60        -0.00034
       8    62        -0.00043
       9    22         0.00047
       9    29         0.00195
       9    39        -0.00051
       9    47         0.00172
       9    53        -0.00091
       9    63         0.00073
      10    18        -0.01023
      10    19        -0.00405
      10    24         0.00079
      10    26        -0.00185
      10    31         0.00149
      10    32         0.00016
      10    36        -0.00046
      10    41        -0.00064
      10    42        -0.00028
      10    46        -0.00048
      10    50        -0.00074
      10    51         0.00062
      10    55         0.00101
      10    57        -0.00053
      10    59        -0.00068
      10    64        -0.00027
      10    66         0.00037
      11    20         0.00248
      11    23        -0.00182
      11    25        -0.00017
      11    30        -0.00111
      11    34        -0.00111
      11    35         0.00015
      11    43        -0.00058
      11    45        -0.00084
      11    48         0.00068
      11    52         0.00033
      11    54        -0.00132
      11    60        -0.00067
      11    68         0.00014
      12    17         0.00195
      12    21         0.00295
      12    28        -0.00124
      12    33        -0.00064
      12    37        -0.00105
      12    44        -0.00064
      12    49        -0.00113
      12    56        -0.00132
      12    61         0.00103
      12    65         0.00023
      13    20        -0.00690
      13    23         0.00068
      13    25         0.00117
      13    30         0.00018
      13    34         0.00080
      13    35        -0.00013
      13    43         0.00013
      13    52         0.00013
      13    54         0.00084
      13    62        -0.00092
      13    68        -0.00027
      14    18         0.00560
      14    19         0.00692
      14    24         0.00015
      14    26         0.00414
      14    27        -0.00147
      14    31        -0.00169
      14    32         0.00023
      14    36        -0.00020
      14    38        -0.00027
      14    41         0.00027
      14    42        -0.00080
      14    46        -0.00031
      14    50        -0.00066
      14    55         0.00049
      14    57         0.00098
      14    64         0.00072
      14    66         0.00060
      14    67        -0.00018
      15    22        -0.00375
      15    29        -0.00046
      15    39         0.00064
      15    47        -0.00064
      15    58         0.00031
      15    63        -0.00070
      16    18         0.70642
      16    19         0.01554
      16    24         0.00675
      16    26        -0.01564
      16    27        -0.00014
      16    31         0.00090
      16    32         0.00075
      16    36        -0.00054
      16    38         0.00329
      16    41        -0.00204
      16    42        -0.00217
      16    46         0.00159
      16    50        -0.00032
      16    51        -0.00112
      16    55         0.00010
      16    57         0.00051
      16    59         0.00046
      16    64         0.00078
      16    66        -0.00043
      16    67         0.00019
      16    72        -0.00015
Triplet
116
       5    22         0.00162
       5    29        -0.00089
       5    39        -0.00075
       5    47        -0.00205
       5    53         0.00162
       5    58        -0.00228
       5    63         0.00182
       6    22         0.00471
       6    29        -0.00171
       6    39        -0.00196
       6    47        -0.00382
       6    53        -0.00085
       6    58        -0.00118
       6    63         0.00139
       7    17        -0.03265
       7    21        -0.00372
       7    28        -0.00419
       7    33         0.00197
       7    37        -0.00114
       7    44        -0.00146
       7    49         0.00159
       7    56        -0.00052
       7    61         0.00038
       7    65         0.00017
       8    22         0.00825
       8    29        -0.00326
       8    39        -0.00152
       8    47        -0.00628
       8    53        -0.00082
       8    58        -0.00233
       8    63         0.00132
       9    20        -0.00161
       9    23         0.00125
       9    25        -0.00974
       9    30        -0.00267
       9    34         0.00092
       9    35         0.00108
       9    40        -0.00108
       9    43         0.00105
       9    45         0.00054
       9    48        -0.00122
       9    52        -0.00056
       9    54         0.00019
       9    60        -0.00056
       9    62        -0.00033
      10    17        -0.16667
      10    21        -0.02022
      10    28        -0.01067
      10    33         0.00352
      10    37         0.00228
      10    44        -0.00425
      10    49         0.00121
      10    61        -0.00040
      10    65        -0.00053
      11    22         0.01153
      11    29        -0.00208
      11    39        -0.00229
      11    47        -0.00113
      11    53         0.00180
      11    58        -0.00048
      11    63        -0.00017
      12    18        -0.00752
      12    19        -0.00047
      12    24        -0.00636
      12    26        -0.00061
      12    27        -0.00083
      12    31         0.00067
      12    32         0.00040
      12    36        -0.00214
      12    38         0.00044
      12    41         0.00110
      12    42         0.00086
      12    46         0.00018
      12    59         0.00066
      12    64         0.00024
      12    70         0.00010
      13    22        -0.00602
      13    29         0.00084
      13    39         0.00086
      13    47        -0.00111
      13    53         0.00066
      13    58        -0.00065
      13    63         0.00041
      14    17         0.68449
      14    21         0.01672
      14    28         0.00715
      14    33        -0.00404
      14    37         0.00262
      14    44         0.00364
      14    49        -0.00319
      14    61         0.00072
      15    20         0.01077
      15    23         0.00456
      15    25        -0.01171
      15    30        -0.00604
      15    34         0.00203
      15    35        -0.00072
      15    40        -0.00015
      15    43        -0.00110
      15    45         0.00178
      15    48        -0.00027
      15    52         0.00042
      15    60        -0.00020
      15    62        -0.00065
      15    68        -0.00013
      15    71        -0.00016
      16    17         0.02747
      16    21        -0.01427
      16    28         0.00461
      16    33        -0.00353
      16    37         0.00519
      16    44        -0.00630
      16    49        -0.00503
      16    56         0.00089
      16    61         0.00046
      16    65        -0.00073
Singlet
110
       5    22        -0.00026
       5    39         0.00016
       5    47         0.00019
       5    53        -0.00033
       5    58         0.00031
       5    63        -0.00013
       6    22        -0.00316
       6    29         0.00073
       6    39         0.00143
       6    47         0.00105
       6    53        -0.00011
       6    63         0.00045
       7    17        -0.01287
       7    21        -0.00484
       7    28        -0.00319
       7    33         0.00121
       7    37         0.00184
       7    44        -0.00051
       7    49         0.00032
       7    56        -0.00112
       7    61         0.00076
       7    65         0.00025
       8    22         0.00454
       8    29        -0.00139
       8    39        -0.00126
       8    47         0.00031
       8    53         0.00090
       8    63        -0.00013
       9    20         0.00129
       9    23         0.00016
       9    25         0.00063
       9    34         0.00117
       9    35        -0.00010
       9    40         0.00089
       9    43        -0.00090
       9    45         0.00042
       9    48         0.00062
       9    54        -0.00015
       9    60         0.00051
       9    62        -0.00017
      10    17        -0.08692
      10    21        -0.01088
      10    28        -0.00393
      10    33         0.00188
      10    37         0.00046
      10    44        -0.00238
      10    49        -0.00011
      10    56        -0.00051
      10    61         0.00075
      10    65        -0.00018
      11    22         0.00946
      11    29        -0.00226
      11    39        -0.00104
      11    47        -0.00148
      11    53        -0.00013
      11    58        -0.00064
      11    63        -0.00029
      12    18         0.00351
      12    19        -0.00049
      12    24        -0.00550
      12    26        -0.00066
      12    27        -0.00088
      12    31         0.00106
      12    32         0.00011
      12    36         0.00199
      12    38        -0.00032
      12    41        -0.00114
      12    42        -0.00110
      12    46        -0.00054
      12    51        -0.00033
      12    59        -0.00053
      12    64         0.00022
      13    22        -0.00661
      13    29         0.00066
      13    39         0.00047
      13    47         0.00104
      13    53        -0.00087
      13    58         0.00080
      13    63         0.00030
      14    17         0.70097
      14    21         0.01522
      14    28         0.00422
      14    33        -0.00279
      14    37         0.00071
      14    44         0.00224
      14    49        -0.00174
      14    56         0.00075
      14    61         0.00057
      15    20        -0.00563
      15    23        -0.00278
      15    25         0.00492
      15    30         0.00288
      15    34        -0.00046
      15    35         0.00069
      15    40        -0.00018
      15    43         0.00106
      15    45        -0.00056
      15    48        -0.00030
      15    54        -0.00017
      15    60        -0.00023
      16    17         0.01377
      16    21        -0.00191
      16    28         0.00076
      16    33        -0.00196
      16    37         0.00170
      16    44        -0.00259
      16    49        -0.00130
      16    56         0.00104
      16    61        -0.00052
      16    65        -0.00026
Singlet
127
       5    17        -0.02484
       5    21        -0.00438
       5    28        -0.00280
       5    33         0.00075
       5    37         0.00134
       5    44        -0.00297
       5    49        -0.00079
       5    56         0.00029
       5    65        -0.00052
       6    17         0.01751
       6    21         0.00498
       6    28         0.00190
       6    33        -0.00174
       6    44         0.00152
       6    49         0.00162
       6    56         0.00051
       7    22         0.00135
       7    29         0.00167
       7    39         0.00074
       7    47        -0.00054
       7    53         0.00079
       8    17        -0.02175
       8    21        -0.00281
       8    28         0.00154
       8    33        -0.00078
       8    37        -0.00102
       8    44        -0.00260
       8    49         0.00201
       8    56        -0.00018
       8    61        -0.00020
       8    65        -0.00171
       9    18         0.01178
       9    19         0.00830
       9    24         0.00326
       9    26         0.00018
       9    27         0.00183
       9    31         0.00386
       9    32         0.00299
       9    36         0.00126
       9    38        -0.00126
       9    41        -0.00039
       9    42        -0.00436
       9    46        -0.00027
       9    51        -0.00084
       9    55         0.00184
       9    57        -0.00104
       9    59         0.00073
       9    66        -0.00025
       9    67        -0.00045
       9    69        -0.00019
       9    72        -0.00014
      10    22         0.00528
      10    29        -0.00080
      10    39        -0.00320
      10    47         0.00081
      10    53         0.00256
      10    58        -0.00116
      10    63         0.00031
      11    17         0.11072
      11    21         0.00620
      11    28         0.00377
      11    33        -0.00276
      11    37        -0.00088
      11    44         0.00686
      11    56         0.00275
      11    61         0.00038
      11    65         0.00297
      12    20         0.01172
      12    23         0.00608
      12    25         0.01078
      12    30        -0.00240
      12    34         0.00037
      12    35        -0.00030
      12    40         0.00446
      12    43        -0.00290
      12    45         0.00025
      12    48         0.00012
      12    52        -0.00039
      12    54         0.00115
      12    60        -0.00084
      12    62        -0.00015
      12    71         0.00015
      13    17         0.69499
      13    21         0.03361
      13    28         0.00903
      13    33        -0.00197
      13    37        -0.00562
      13    44         0.00802
      13    49        -0.00282
      13    56         0.00201
      13    61        -0.00017
      13    65         0.00363
      14    22        -0.00106
      14    29        -0.00153
      14    39        -0.00043
      14    47         0.00303
      14    53        -0.00274
      14    63        -0.00029
      15    18        -0.01044
      15    19        -0.00958
      15    24        -0.00956
      15    26        -0.00567
      15    27        -0.00263
      15    31        -0.00081
      15    32         0.00411
      15    36        -0.00115
      15    38        -0.00321
      15    41         0.00208
      15    42         0.00187
      15    46         0.00342
      15    50         0.00117
      15    51        -0.00297
      15    55         0.00379
      15    57        -0.00231
      15    59        -0.00032
      15    64         0.00072
      15    66        -0.00078
      15    67        -0.00129
      15    69        -0.00031
      15    72        -0.00012
      16    22        -0.03636
      16    29         0.00156
      16    39         0.00174
      16    47         0.00320
      16    53         0.00578
      16    58        -0.00278
      16    63         0.00179
Singlet
168
       5    20        -0.00063
       5    23         0.00198
       5    25        -0.00123
       5    30        -0.00087
       5    34         0.00044
       5    35        -0.00014
       5    40        -0.00031
       5    43        -0.00053
       5    45        -0.00138
       5    48         0.00050
       5    52         0.00114
       5    54         0.00066
       5    60         0.00038
       5    62         0.00066
       6    20         0.00103
       6    23        -0.00140
       6    25         0.00054
       6    30         0.00065
       6    34        -0.00036
       6    35        -0.00013
       6    40        -0.00031
       6    43        -0.00026
       6    45         0.00034
       6    48         0.00029
       6    52        -0.00021
       6    54        -0.00053
       6    60        -0.00012
       7    18         0.00020
       7    19        -0.00015
       7    24         0.00402
       7    26         0.00030
       7    27         0.00019
       7    31        -0.00111
       7    32         0.00020
       7    38         0.00024
       7    41        -0.00058
       7    42         0.00049
       7    46         0.00050
       7    51        -0.00053
       7    59        -0.00021
       7    64        -0.00027
       7    72         0.00010
       8    20         0.00307
       8    23        -0.01049
       8    25        -0.00583
       8    30        -0.00114
       8    35         0.00070
       8    40        -0.00087
       8    43        -0.00031
       8    45        -0.00014
       8    48         0.00019
       8    52         0.00021
       8    54        -0.00023
       8    60         0.00023
       8    62         0.00050
       8    68        -0.00027
       9    22         0.01251
       9    29        -0.00227
       9    39        -0.00192
       9    47        -0.00093
       9    53        -0.00107
       9    58        -0.00085
       9    63        -0.00037
      10    18         0.00226
      10    19        -0.00617
      10    24         0.01039
      10    26        -0.00643
      10    27         0.00082
      10    31        -0.00284
      10    32         0.00274
      10    36         0.00041
      10    38         0.00219
      10    41        -0.00181
      10    42         0.00295
      10    46         0.00205
      10    50        -0.00072
      10    51        -0.00204
      10    55        -0.00030
      10    57        -0.00023
      10    59        -0.00076
      10    64        -0.00046
      10    66         0.00013
      10    69        -0.00013
      10    70         0.00014
      10    72         0.00017
      11    20        -0.00311
      11    23         0.00122
      11    25        -0.00117
      11    30         0.00139
      11    34        -0.00146
      11    35         0.00156
      11    40         0.00183
      11    43         0.00130
      11    45         0.00088
      11    48        -0.00092
      11    52        -0.00151
      11    54         0.00016
      11    60        -0.00042
      12    17        -0.06215
      12    21         0.01328
      12    28         0.00119
      12    33         0.00063
      12    37        -0.00251
      12    44        -0.00084
      12    49        -0.00037
      12    56        -0.00026
      12    61        -0.00107
      13    20         0.00272
      13    23        -0.01622
      13    25         0.00737
      13    30         0.00341
      13    34        -0.00038
      13    35        -0.00087
      13    40        -0.00226
      13    43        -0.00084
      13    45         0.00090
      13    48         0.00044
      13    52        -0.00045
      13    54        -0.00193
      13    60         0.00016
      13    62        -0.00054
      13    68         0.00023
      14    18         0.01008
      14    19        -0.00674
      14    24         0.00621
      14    26         0.00493
      14    27        -0.00378
      14    31         0.00069
      14    32        -0.00102
      14    36        -0.00021
      14    38        -0.00176
      14    41        -0.00172
      14    42        -0.00020
      14    46        -0.00144
      14    50         0.00108
      14    51         0.00087
      14    55        -0.00047
      14    57        -0.00083
      14    59        -0.00075
      14    66        -0.00011
      15    22        -0.00133
      15    29        -0.00164
      15    39         0.00107
      15    47        -0.00227
      15    53        -0.00222
      15    58         0.00042
      15    63         0.00042
      16    18        -0.01550
      16    19         0.70174
      16    24        -0.03946
      16    26        -0.02320
      16    27        -0.00144
      16    31         0.00148
      16    32         0.00525
      16    36         0.00309
      16    38         0.00611
      16    41         0.00169
      16    42        -0.00067
      16    46         0.00027
      16    50        -0.00223
      16    51        -0.00138
      16    55         0.00174
      16    57        -0.00111
      16    59         0.00024
      16    64        -0.00040
      16    67         0.00039
      16    70         0.00015
      16    72         0.00015
