   0.0000000000000000     
   0.0000000000000000     
   1.7471255630807889E-017
   5.1024201610121662E-018
   0.0000000000000000     
   1.1378409285975985E-017
   4.5968660056402609E-018
   2.7581703843976850E-017
   1.3759315492220864E-017
   8.2040396639769499E-018
   0.0000000000000000     
   9.4761653808578956E-050
   1.9259374629878907E-034
   5.6246341692063233E-035
   0.0000000000000000     
   1.2542947785863927E-034
   5.0673383983843062E-035
   3.0404590172947849E-034
   1.5167531018669241E-034
   9.0436930639547636E-035
   0.0000000000000000     
   0.0000000000000000     
 -0.28532725744539911     
  -8.3328844911897876E-002
   0.0000000000000000     
 -0.18582352546739450     
  -7.5072518996316229E-002
 -0.45044340714676084     
 -0.22470667459061341     
 -0.13398213538631476     
  -2.7581703843976850E-017
  -1.3759315492220864E-017
  -1.7471255630807889E-017
  -1.1378409285975983E-017
  -8.2040396639769499E-018
  -5.1024201610121631E-018
  -4.5968660056402609E-018
   0.0000000000000000     
   0.0000000000000000     
   0.0000000000000000     
  -3.0404590172947845E-034
  -1.5167531018669234E-034
  -1.9259374629878898E-034
  -1.2542947785863917E-034
  -9.0436930639547636E-035
  -5.6246341692063116E-035
  -5.0673383983843030E-035
   2.4686705967946945E-049
   1.0788279380768724E-049
   0.0000000000000000     
  0.45044340714676084     
  0.22470667459061341     
  0.28532725744539911     
  0.18582352546739450     
  0.13398213538631476     
   8.3328844911897876E-002
   7.5072518996316229E-002
   0.0000000000000000     
   0.0000000000000000     
   0.0000000000000000     
