   48.514717099999999     
   136.79641400000000     
   376.63015000000001     
   486.95760500000000     
   531.74126999999999     
   786.43636900000001     
   895.16514700000005     
   897.17289800000003     
   1095.6728100000000     
   1130.9988300000000     
   1245.5598299999999     
   1411.3027500000001     
   1413.2650100000001     
   1490.5368599999999     
   1495.0487499999999     
   1499.0489900000000     
   1516.3430499999999     
   1823.2578900000001     
   3044.4351000000001     
   3051.3991700000001     
   3100.6009700000000     
   3107.8196899999998     
   3165.9358600000000     
   3166.6974100000002     
