  -1.0452418300000000E-016
   3.9907528999999997E-002
  -1.4710519300000001E-010
   3.3695330700000002E-016
   3.9907528999999997E-002
   1.4702450600000000E-010
  -1.3982929100000000E-016
 -0.23758605499999999     
  0.43904050100000003     
   1.3915325600000000E-016
 -0.23758605499999999     
 -0.43904050100000003     
  -1.5534214400000000E-015
 -0.23758605499999999     
  0.43904050100000003     
  -1.2133962700000000E-015
 -0.23758605499999999     
 -0.43904050100000003     
  0.15285567100000000     
   1.8616727199999999E-016
  -4.5233069999999997E-016
 -0.15285567100000000     
  -1.2611988500000001E-016
   3.6839466099999998E-016
 -0.48817780599999999     
  -2.5388769600000001E-016
   4.4849675899999996E-016
 -0.48817780999999999     
  -1.4830684299999999E-015
  -1.3848191400000000E-015
  0.48817780999999999     
   7.7901622999999997E-016
   2.3980798200000001E-015
  0.48817780599999999     
   2.4296594000000002E-016
  -4.6234541599999997E-016
  -8.3399219299999994E-002
   3.4182826100000001E-016
   3.5538040900000001E-017
  -8.3399219299999994E-002
  -4.1767406000000000E-016
  -1.0966455400000000E-016
  0.49651010600000001     
  -9.6251022699999993E-016
   1.8004780700000000E-015
  0.49651010600000001     
   1.5837232099999999E-016
  -1.9058416099999999E-015
  0.49651010600000001     
   1.0538170300000000E-015
   7.7473889500000004E-016
  0.49651010600000001     
   6.5340380400000001E-016
   2.1323633500000001E-016
  -4.2900999600000002E-010
  -7.8156146200000000E-017
  -9.4896363900000003E-017
   4.2903020699999999E-010
   1.0579989700000000E-016
  -4.6004777300000001E-017
  0.50000000099999997     
  -1.1506429799999999E-016
  -2.7697571699999999E-016
 -0.49999999899999997     
  -5.5895752300000003E-016
   9.3331214900000006E-016
  0.49999999899999997     
   9.9612649199999996E-016
   1.3798204999999999E-015
 -0.50000000099999997     
  -6.5125407599999996E-016
  -3.5847119599999999E-016
   1.7830391300000000E-016
  0.15353327300000000     
   6.5423179300000002E-011
   2.8283759400000000E-016
 -0.15353327300000000     
   6.4693189899999995E-011
  -3.2620391100000001E-016
 -0.14316480000000001     
  0.46660219300000000     
  -2.0142234300000000E-015
 -0.14316480100000001     
 -0.46660219400000003     
  -6.6221889400000002E-016
  0.14316480100000001     
 -0.46660219400000003     
  -2.4880866600000000E-015
  0.14316480000000001     
  0.46660219300000000     
   2.3593435400000000E-016
   8.4870918499999994E-012
   9.9585765000000007E-002
  -2.3982425600000001E-016
   9.3287737200000007E-012
  -9.9585765000000007E-002
  -8.0750890100000000E-016
 -0.19589028400000000     
  0.45460789099999999     
  -7.5555787200000002E-016
  0.19589028400000000     
  0.45460789000000001     
   8.1882661900000003E-016
  0.19589028400000000     
 -0.45460789000000001     
   7.9055655100000002E-016
 -0.19589028400000000     
 -0.45460789099999999     
   4.3593093500000002E-017
   9.2594569600000002E-011
  -6.8781330000000002E-002
   4.7045379799999997E-017
  -9.2651989599999996E-011
  -6.8781330000000002E-002
  -3.7774304499999999E-016
 -0.28276778299999999     
  0.40948375500000000     
  -1.8997993200000001E-016
  0.28276778299999999     
  0.40948375399999998     
  -3.7289899600000001E-016
 -0.28276778299999999     
  0.40948375399999998     
  -1.3859479699999999E-016
  0.28276778299999999     
  0.40948375500000000     
   2.1536168299999999E-016
  -7.7395409600000002E-012
  0.30972614500000001     
  -1.8347174600000000E-016
  -7.6517323399999994E-012
 -0.30972614500000001     
  -4.7121579700000000E-016
  0.37990106899999998     
 -0.24022913100000001     
  -1.0988289899999999E-015
 -0.37990106899999998     
 -0.24022913200000001     
   8.3118633999999997E-016
 -0.37990106899999998     
  0.24022913200000001     
   3.5915044199999999E-016
  0.37990106899999998     
  0.24022913100000001     
  -1.1265935200000000E-016
  -1.0726851999999999E-010
  -4.2665509900000002E-002
   1.0575396900000000E-016
   1.0819087999999999E-010
  -4.2665509900000002E-002
  -3.5857082799999999E-016
  0.42961733600000002     
  0.25400545800000002     
   1.0729529100000001E-015
 -0.42961733499999999     
  0.25400545699999999     
  -9.9648668999999995E-016
  0.42961733499999999     
  0.25400545699999999     
   3.6432581899999999E-016
 -0.42961733600000002     
  0.25400545800000002     
  -8.3541744200000001E-017
   1.2286044800000000E-010
  -5.4814910100000003E-002
  -6.4955313700000004E-017
   1.2105475300000001E-010
   5.4814910100000003E-002
   8.0658547100000000E-016
  0.42783545899999997     
  0.25584073499999999     
   1.4261219300000000E-016
 -0.42783546099999997     
  0.25584073600000001     
   6.5384861100000004E-016
 -0.42783546099999997     
 -0.25584073600000001     
   1.6508274600000001E-016
  0.42783545899999997     
 -0.25584073499999999     
   1.1878309800000000E-016
  -6.9788129300000001E-002
   8.2337178399999997E-011
  -2.4383159000000002E-016
   6.9788129300000001E-002
   8.3868187099999994E-011
   1.4323850799999999E-016
  0.42063129799999999     
  0.26577080100000000     
  -5.1637095999999997E-016
  0.42063129999999999     
 -0.26577080199999997     
   1.2587678699999999E-015
 -0.42063129999999999     
 -0.26577080199999997     
   6.0329554100000000E-016
 -0.42063129799999999     
  0.26577080100000000     
   1.9683466700000001E-017
  -7.0638647099999993E-002
  -1.8846233100000000E-010
   2.0788169699999999E-016
  -7.0638647099999993E-002
   1.8787552700000001E-010
  -4.8421362300000003E-016
  0.42054113300000001     
  0.26580114100000002     
  -2.8579975500000002E-016
  0.42054113199999998     
 -0.26580113999999999     
  -1.0149654500000000E-015
  0.42054113199999998     
  0.26580113999999999     
  -9.2460058600000009E-016
  0.42054113300000001     
 -0.26580114100000002     
