    1   0.83317E+03  -0.39164E-18   0.00000E+00  -0.39164E-18
    2   0.95582E+03   0.39891E-11   0.00000E+00   0.39891E-11
    3   0.97605E+03   0.10842E-18   0.00000E+00   0.10842E-18
    4   0.10694E+04   0.12253E-02   0.00000E+00   0.12253E-02
    5   0.12470E+04   0.17470E-17   0.00000E+00   0.17470E-17
    6   0.13961E+04   0.24036E-19   0.00000E+00   0.24036E-19
    7   0.14947E+04  -0.28008E-18   0.00000E+00  -0.28008E-18
    8   0.17210E+04   0.41169E-18   0.00000E+00   0.41169E-18
    9   0.31539E+04  -0.19842E-17   0.00000E+00  -0.19842E-17
   10   0.31693E+04   0.81884E-18   0.00000E+00   0.81884E-18
   11   0.32236E+04   0.91983E-18   0.00000E+00   0.91983E-18
   12   0.32491E+04  -0.74927E-19   0.00000E+00  -0.74927E-19
