    1   0.48515E+02  -0.20688E-12   0.00000E+00  -0.20688E-12
    2   0.13680E+03  -0.18594E-11   0.00000E+00  -0.18594E-11
    3   0.37663E+03  -0.55455E-12   0.00000E+00  -0.55455E-12
    4   0.48696E+03  -0.16158E-11   0.00000E+00  -0.16158E-11
    5   0.53174E+03  -0.14148E-04   0.00000E+00  -0.14148E-04
    6   0.78644E+03   0.15600E-11   0.00000E+00   0.15600E-11
    7   0.89517E+03   0.30958E-03   0.00000E+00   0.30958E-03
    8   0.89717E+03   0.52851E-10   0.00000E+00   0.52851E-10
    9   0.10957E+04  -0.79775E-12   0.00000E+00  -0.79775E-12
   10   0.11310E+04   0.20850E-11   0.00000E+00   0.20850E-11
   11   0.12456E+04   0.47385E-03   0.00000E+00   0.47385E-03
   12   0.14113E+04   0.34672E-12   0.00000E+00   0.34672E-12
   13   0.14133E+04  -0.36080E-03   0.00000E+00  -0.36080E-03
   14   0.14905E+04   0.36889E-04   0.00000E+00   0.36889E-04
   15   0.14950E+04  -0.56161E-12   0.00000E+00  -0.56161E-12
   16   0.14990E+04   0.80078E-12   0.00000E+00   0.80078E-12
   17   0.15163E+04  -0.34285E-11   0.00000E+00  -0.34285E-11
   18   0.18233E+04   0.19791E-11   0.00000E+00   0.19791E-11
   19   0.30444E+04   0.81109E-03   0.00000E+00   0.81109E-03
   20   0.30514E+04  -0.17952E-13   0.00000E+00  -0.17952E-13
   21   0.31006E+04   0.16976E-12   0.00000E+00   0.16976E-12
   22   0.31078E+04  -0.22767E-11   0.00000E+00  -0.22767E-11
   23   0.31659E+04  -0.93982E-04   0.00000E+00  -0.93982E-04
   24   0.31667E+04   0.14053E-11   0.00000E+00   0.14053E-11
