  -3.3607227400000002E-009
  -8.7404344000000003E-011
  -2.3284140100000001E-009
   4.7851498299999996E-009
   1.2643163499999999E-010
  -2.4367707600000001E-009
  -2.0999421800000001E-002
   2.7331788400000001E-009
   1.7150822400000001E-009
  0.34636792399999999     
  -2.1220307399999999E-009
   8.2505395500000002E-009
 -0.25356053600000000     
 -0.14722798900000000     
 -0.32221900199999998     
 -0.25356053699999997     
  0.14722800500000000     
  0.32221900799999997     
   2.0999418299999999E-002
  -2.8092692400000001E-009
   1.5946032699999999E-009
  0.25356055900000002     
  0.14722800200000000     
 -0.32221903899999998     
  0.25356055999999999     
 -0.14722801799999999     
  0.32221904400000001     
 -0.34636796500000000     
   1.8795532700000001E-009
   7.9214066799999995E-009
   2.1473749600000001E-002
   2.5249878700000001E-010
   2.8219347300000002E-009
  -7.4460777899999997E-002
  -3.0856128600000000E-009
   1.0447113200000001E-009
   3.6996651999999998E-002
   7.5927823399999994E-011
  -3.0813204000000000E-009
  0.40841243599999999     
   6.7810719299999997E-009
  -1.1396596800000000E-008
 -0.19294704800000001     
 -0.16177206000000000     
 -0.31782881099999999     
 -0.19294704800000001     
  0.16177205000000000     
  0.31782880400000002     
   3.6996654499999997E-002
   3.0998404500000001E-009
   2.5618033399999999E-010
 -0.19294701700000000     
 -0.16177203400000001     
  0.31782876900000001     
 -0.19294701800000000     
  0.16177204100000001     
 -0.31782876900000001     
  0.40841239400000001     
   3.9933999599999997E-009
   1.3470576899999999E-009
  -9.8802339800000003E-010
  -1.3658005400000000E-010
 -0.12941335000000001     
  -1.2104556800000000E-009
   4.0343491400000000E-010
 -0.13025567599999999     
   5.5478693300000001E-010
  0.15531774300000001     
   9.8913977099999995E-002
   1.5874983100000001E-009
  -6.6507246800000003E-002
  0.38000067300000001     
   6.2355996900000004E-003
  0.36742058799999999     
  0.12316245600000000     
  -6.2355830000000003E-003
  0.36742059399999999     
  0.12316243600000000     
   1.3809055500000000E-009
 -0.15531774300000001     
   9.8913977099999995E-002
  -6.2356065200000000E-003
 -0.36742059900000001     
  0.12316246900000000     
   6.2355752799999999E-003
 -0.36742058100000002     
  0.12316242199999999     
   2.0892058400000001E-008
   6.6507244300000004E-002
  0.38000066999999998     
  0.27891965299999999     
   4.9158046399999999E-009
  -1.4849170200000001E-010
  -9.9706454099999994E-002
  -1.3549952600000000E-008
  -8.4355952800000002E-010
  -2.0849690600000002E-002
   6.7522884099999998E-009
  -7.4773669500000001E-009
 -0.30487415499999998     
   1.3408297100000000E-008
  -1.5756762699999999E-008
 -0.15809476300000000     
  0.36527737399999999     
 -0.15150122399999999     
 -0.15809476300000000     
 -0.36527737399999999     
  0.15150120800000000     
  -2.0849690200000000E-002
   4.8048507000000002E-009
   8.2617083400000005E-009
 -0.15809475600000000     
  0.36527737300000002     
  0.15150121499999999     
 -0.15809475500000000     
 -0.36527738199999998     
 -0.15150119700000000     
 -0.30487416400000000     
   1.3480363600000001E-008
   1.9239461599999999E-008
   2.3125424500000002E-008
 -0.13529542800000000     
   4.8937564900000004E-010
  -1.0343338400000001E-008
  0.31002405000000000     
   3.3143462800000002E-010
  -8.7622515199999998E-010
 -0.12394249300000000     
  0.16322618200000000     
  -8.0863790100000003E-009
 -0.34616281399999999     
  0.44124478400000000     
   7.9155660499999995E-003
   8.3620646100000001E-002
  0.18993392300000000     
  -7.9156017999999998E-003
   8.3620601099999997E-002
  0.18993396400000001     
  -1.1571663200000000E-009
 -0.12394249200000000     
 -0.16322618300000000     
   7.9155654399999994E-003
   8.3620645899999999E-002
 -0.18993392300000000     
  -7.9156021400000002E-003
   8.3620603299999999E-002
 -0.18993396500000001     
  -6.4487128099999997E-009
 -0.34616281300000001     
 -0.44124478400000000     
  -4.9202028799999998E-010
   1.9672216999999999E-010
  0.14256970699999999     
   4.4850828300000001E-010
   2.7086663000000000E-010
  0.17210278400000001     
   4.2611741500000002E-009
  0.26738919799999999     
 -0.13448448900000001     
  -1.1880049200000000E-008
  0.41759771099999998     
 -0.31322936600000001     
  -3.9570093199999996E-003
  0.18428779100000001     
 -0.14998072300000001     
   3.9570007500000001E-003
  0.18428775600000000     
 -0.14998070199999999     
  -4.4765408400000004E-009
 -0.26738919900000002     
 -0.13448449100000001     
   3.9570105200000000E-003
 -0.18428779400000000     
 -0.14998072700000001     
  -3.9569980399999996E-003
 -0.18428775999999999     
 -0.14998069999999999     
   9.2722566400000003E-009
 -0.41759770800000001     
 -0.31322936200000001     
   2.1796617300000000E-009
  0.11650306500000000     
   1.0720337200000000E-010
  -6.1394434699999996E-010
   2.1844917500000002E-002
  -1.2430547699999999E-009
  -1.9715366999999999E-008
  -2.9151087600000000E-002
  0.13295680200000001     
   4.5687654199999998E-008
  0.27916559899999999     
 -0.26340873199999998     
  -3.8348980400000003E-002
 -0.39950355500000001     
   4.9913355999999999E-002
   3.8349026400000000E-002
 -0.39950340499999998     
   4.9913258600000003E-002
   1.8124366000000002E-008
  -2.9151087100000000E-002
 -0.13295680100000001     
  -3.8349026100000003E-002
 -0.39950340200000001     
  -4.9913259100000003E-002
   3.8348980300000002E-002
 -0.39950355599999998     
  -4.9913353399999999E-002
  -4.3067952399999997E-008
  0.27916559899999999     
  0.26340873300000001     
  -3.8838730200000002E-011
   1.7312998200000000E-008
  -3.1619067899999999E-009
   4.2247552199999998E-011
   3.2852200200000000E-009
  -5.1750555899999997E-009
   9.5537504100000004E-002
  -6.5695500099999998E-009
   2.4552855399999998E-008
 -0.22353679900000001     
   4.2428448699999997E-008
  -3.8634909899999998E-008
 -0.11619560499999999     
  0.38531420300000002     
 -0.24183348499999999     
 -0.11619559200000000     
 -0.38531433300000001     
  0.24183350600000000     
  -9.5537504199999998E-002
  -1.8912345700000002E-009
  -1.5887428900000001E-008
  0.11619559400000000     
 -0.38531432500000001     
 -0.24183350100000001     
  0.11619560399999999     
  0.38531421199999999     
  0.24183349200000001     
  0.22353679900000001     
   4.3867423499999999E-008
   4.2722550800000001E-008
   4.6610786499999996E-010
  -7.1391190800000001E-010
   3.5666339800000002E-002
  -1.2923984499999999E-010
   3.0378885999999999E-011
  0.10314399400000000     
   1.2621923700000000E-009
  -6.3018158000000005E-002
 -0.11442825500000001     
  -6.7098842100000001E-010
 -0.40226211200000001     
  0.32363823000000003     
   6.2284244900000001E-002
  0.31830190000000003     
   4.0089375000000003E-003
  -6.2284246799999998E-002
  0.31830188199999998     
   4.0089420199999996E-003
  -1.6951497900000000E-009
   6.3018158699999993E-002
 -0.11442825600000001     
  -6.2284245400000000E-002
 -0.31830190400000002     
   4.0089373999999999E-003
   6.2284247500000001E-002
 -0.31830188300000001     
   4.0089430999999997E-003
   2.0314474099999999E-009
  0.40226211600000000     
  0.32363823300000000     
  0.22545776600000000     
   1.2754088200000000E-009
  -3.0768013599999999E-010
  -4.0103275100000002E-002
  -1.1565798200000000E-009
  -2.1655834899999999E-011
 -0.12699354600000001     
  -1.4799304899999999E-010
  -9.8492835900000002E-010
  0.27399191899999997     
  -4.6536933300000001E-010
  -2.5747984699999999E-010
  0.10704450700000000     
 -0.32577209400000001     
  0.27148605700000000     
  0.10704450500000000     
  0.32577209899999998     
 -0.27148605799999997     
 -0.12699354500000001     
  -4.7274957700000000E-010
   1.4875387600000001E-009
  0.10704450800000000     
 -0.32577209099999999     
 -0.27148605799999997     
  0.10704450600000000     
  0.32577210000000001     
  0.27148605799999997     
  0.27399191800000000     
  -2.5618871200000001E-009
  -1.4798762999999999E-009
  -7.8812289500000004E-010
  0.36414530099999998     
  -2.2591876099999998E-009
  -4.2821100100000002E-010
  -5.9228144800000000E-002
   2.5728384499999999E-009
   1.3070422200000000E-009
 -0.10207360600000000     
  -4.6309467600000001E-002
  -5.9177969899999999E-012
 -0.44403249500000003     
  0.38454146000000000     
  0.12182873499999999     
  -1.9252800099999998E-002
  0.14818689199999999     
 -0.12182874000000000     
  -1.9252803100000000E-002
  0.14818690100000001     
   8.2603830999999999E-010
 -0.10207360600000000     
   4.6309466600000002E-002
  0.12182873600000001     
  -1.9252804599999999E-002
 -0.14818689500000001     
 -0.12182874000000000     
  -1.9252801999999999E-002
 -0.14818690200000001     
  -4.2781656800000000E-011
 -0.44403249200000000     
 -0.38454145800000000     
   1.5254247100000002E-011
   5.3484820200000003E-011
  -3.3501467899999999E-003
  -9.0054594399999995E-012
   6.2640342199999997E-012
  -1.8004605300000001E-003
   1.5005915500000001E-010
  -8.2926789599999995E-002
   5.6137310800000000E-002
  -2.8034599800000001E-009
  0.20638516300000001     
 -0.30067496399999999     
 -0.17646817900000000     
  0.34573665199999998     
 -0.16675512800000000     
  0.17646817800000000     
  0.34573665700000000     
 -0.16675512700000000     
  -1.4746630499999999E-010
   8.2926789299999998E-002
   5.6137310599999997E-002
  0.17646817800000000     
 -0.34573665100000001     
 -0.16675512800000000     
 -0.17646817800000000     
 -0.34573665599999998     
 -0.16675512700000000     
   2.8027823800000000E-009
 -0.20638516200000001     
 -0.30067496300000002     
   4.3601815600000001E-010
  -7.9022188899999998E-002
  -5.0962612600000000E-011
   1.6230723699999999E-011
   1.0057472499999999E-002
  -5.9088124700000006E-011
   1.1667000999999999E-011
  0.11056161300000000     
  -5.3666568099999999E-002
  -3.3330031300000001E-009
 -0.17290926200000001     
  0.29404041199999997     
  0.15379188399999999     
 -0.37644339100000002     
  0.13161057500000001     
 -0.15379188399999999     
 -0.37644338300000002     
  0.13161057500000001     
   3.1967288700000002E-011
  0.11056161300000000     
   5.3666568499999998E-002
  0.15379188499999999     
 -0.37644339100000002     
 -0.13161057600000001     
 -0.15379188499999999     
 -0.37644338399999999     
 -0.13161057600000001     
  -2.7542693200000001E-009
 -0.17290926400000001     
 -0.29404041400000003     
  -1.7171567500000001E-009
  -1.9282312900000001E-002
   1.0414838700000000E-010
   2.9137525000000002E-010
   5.7842347499999997E-003
  -1.1019615300000000E-010
  -1.5004113200000001E-009
  -2.3723510499999999E-002
  -2.8301883999999999E-002
   2.1494318599999999E-008
  0.16145145299999999     
 -0.24615064600000000     
  0.26696124300000001     
   9.4957974700000003E-002
  0.35440529500000001     
 -0.26696123900000002     
   9.4957943000000003E-002
  0.35440528500000001     
  -1.7568743700000000E-009
  -2.3723510400000002E-002
   2.8301883900000002E-002
  0.26696124300000001     
   9.4957976200000002E-002
 -0.35440529399999998     
 -0.26696123799999999     
   9.4957940699999993E-002
 -0.35440528300000002     
   2.4627266799999998E-008
  0.16145145200000000     
  0.24615064500000000     
   1.1131882600000001E-011
  -2.7305039999999998E-010
   3.2670672100000002E-009
  -3.2389715899999999E-012
   5.9991271299999998E-011
  -5.6724126500000003E-009
  -4.5226741100000002E-002
  -5.8374388300000000E-009
  -3.9681485399999999E-009
  0.52268991499999995     
   3.2710641400000002E-008
  -4.9816217299999999E-008
   4.3701712699999999E-002
  0.30876115100000001     
  0.12301073899999999     
   4.3701622099999997E-002
 -0.30876110899999998     
 -0.12301061600000000     
   4.5226741100000002E-002
   5.8886014600000000E-009
  -3.7638905300000000E-009
  -4.3701710900000003E-002
 -0.30876114999999998     
  0.12301073600000000     
  -4.3701623799999999E-002
  0.30876110899999998     
 -0.12301061800000000     
 -0.52268991399999998     
  -3.1625165499999998E-008
  -4.8395184300000002E-008
  -1.8678314000000000E-010
   4.8813514800000005E-010
   1.9877212100000000E-002
   8.0878662700000003E-011
  -1.0261487700000000E-010
  -3.2225656499999998E-002
   7.7813668500000006E-009
  -3.1381923600000000E-002
  -2.5707732600000002E-002
  -9.1141181899999999E-008
  0.16397575700000000     
 -0.25419552800000000     
  0.25849406699999999     
  0.12066133300000000     
  0.34883902500000002     
 -0.25849408099999999     
  0.12066143999999999     
  0.34883906599999998     
  -8.1727822999999999E-009
   3.1381923499999999E-002
  -2.5707732500000000E-002
 -0.25849406699999999     
 -0.12066133000000000     
  0.34883902400000000     
  0.25849408200000001     
 -0.12066144299999999     
  0.34883906900000000     
   9.5377233699999998E-008
 -0.16397575900000000     
 -0.25419553000000000     
  -3.0242800100000002E-002
   7.3793023299999998E-010
   3.7875289700000002E-010
   1.9297813399999999E-003
  -5.2762914800000002E-010
  -1.9566762300000001E-010
  -3.4824737799999998E-002
   1.9364639800000001E-009
   8.5052754100000000E-010
  0.50697634000000003     
  -1.0463738700000000E-008
   1.5311638900000001E-008
   3.6205111900000003E-002
  0.32940544599999999     
  0.10408054300000000     
   3.6205137300000002E-002
 -0.32940545900000001     
 -0.10408057900000001     
  -3.4824737799999998E-002
   1.6656338899999999E-009
  -6.3984400400000005E-010
   3.6205114300000001E-002
  0.32940544700000002     
 -0.10408054600000000     
   3.6205134799999997E-002
 -0.32940545799999998     
  0.10408057599999999     
  0.50697634000000003     
  -8.6333594499999999E-009
  -1.2579360700000001E-008
  -4.4989070099999999E-010
   4.0443181400000003E-009
  0.70721820499999999     
   1.1587047700000001E-009
  -1.0621423499999999E-009
 -0.45729538500000000     
  -1.0814746400000000E-009
   5.3873119900000000E-003
  -4.1772762900000003E-002
  -4.5694455699999997E-009
 -0.16426638499999999     
  0.20805799999999999     
  -9.4568166499999995E-002
   7.9778333100000001E-002
 -0.14611753099999999     
   9.4568175800000001E-002
   7.9778336000000005E-002
 -0.14611754199999999     
   3.7301079899999999E-010
  -5.3873137599999999E-003
  -4.1772760100000000E-002
   9.4568173500000005E-002
  -7.9778332800000004E-002
 -0.14611754299999999     
  -9.4568173000000005E-002
  -7.9778329100000003E-002
 -0.14611753599999999     
  -9.8196869899999992E-009
  0.16426636700000000     
  0.20805799000000000     
  -5.7032233199999999E-011
   2.0685120100000002E-003
   1.7290425300000001E-010
   1.3096068400000001E-011
  -2.7651172399999999E-004
  -9.0012240900000006E-011
  -1.1190661100000001E-010
  -2.0547544800000001E-002
   3.0954929900000001E-002
  -7.5520778200000005E-010
  0.20124813400000000     
  0.16955808000000000     
  0.37715212399999998     
   1.6643736199999998E-002
 -0.26863095999999997     
 -0.37715212100000001     
   1.6643736100000001E-002
 -0.26863095799999998     
  -1.1800169500000001E-010
  -2.0547544800000001E-002
  -3.0954929999999999E-002
  0.37715212399999998     
   1.6643736199999998E-002
  0.26863095999999997     
 -0.37715212100000001     
   1.6643736100000001E-002
  0.26863095799999998     
  -7.5530849099999999E-010
  0.20124813400000000     
 -0.16955808000000000     
  -2.3759008100000001E-012
  -8.9923609000000004E-012
   5.5586760700000000E-004
   1.1096619799999999E-012
   5.1743251100000003E-012
  -7.5853083800000000E-004
   5.4937586600000005E-010
  -2.0974651099999998E-002
   3.0549072900000002E-002
  -7.6059103499999996E-012
  0.20985093599999999     
  0.17374120100000001     
  0.37477646999999997     
   1.5757543200000002E-002
 -0.26738693200000002     
 -0.37477647700000000     
   1.5757543299999999E-002
 -0.26738693699999999     
  -5.4596224000000000E-010
   2.0974651099999998E-002
   3.0549072900000002E-002
 -0.37477646999999997     
  -1.5757543200000002E-002
 -0.26738693200000002     
  0.37477647700000000     
  -1.5757543299999999E-002
 -0.26738693699999999     
   4.9128440800000001E-012
 -0.20985093599999999     
  0.17374120100000001     
   1.0871072600000001E-011
   6.4952271599999999E-011
  -2.4917775900000002E-010
  -4.0404305699999997E-012
  -1.2678310500000001E-011
   8.1274660100000006E-011
  -6.4509302199999993E-002
   2.3867563000000002E-010
   9.8100333300000000E-010
  -1.4098499400000001E-002
  -4.6569220999999999E-009
  -3.5182313899999999E-009
  0.39482155000000002     
   2.0322999800000002E-002
 -0.30252738200000001     
  0.39482154000000003     
  -2.0322999400000000E-002
  0.30252737499999999     
   6.4509302199999993E-002
  -2.8086843400000000E-010
   9.6975682899999997E-010
 -0.39482155000000002     
  -2.0322999800000002E-002
 -0.30252738200000001     
 -0.39482154000000003     
   2.0322999299999998E-002
  0.30252737499999999     
   1.4098499400000001E-002
   4.6354226800000001E-009
  -3.5622725400000001E-009
  -1.0379936600000000E-003
  -4.7617539499999998E-011
   9.8923900399999996E-011
  -2.8878573000000002E-004
   9.2851250499999996E-012
  -5.6521371300000002E-011
  -6.4600825099999995E-002
   4.4644277700000001E-010
   2.7985039000000000E-010
  -1.1997387400000000E-002
  -5.1179580399999999E-009
  -3.7687498799999997E-009
  0.39482978299999999     
   2.0492152199999999E-002
 -0.30254028100000002     
  0.39482978400000002     
  -2.0492152199999999E-002
  0.30254028100000002     
  -6.4600825099999995E-002
   4.5442590999999998E-010
  -3.0763243200000001E-010
  0.39482978400000002     
   2.0492152199999999E-002
  0.30254028100000002     
  0.39482978400000002     
  -2.0492152199999999E-002
 -0.30254028100000002     
  -1.1997387400000000E-002
  -5.2112466500000003E-009
   3.8489577500000000E-009
  -1.0881052400000001E-011
  -5.3539907700000001E-004
   1.3412976400000000E-010
  -5.0479339099999998E-012
   3.6865701000000001E-004
  -9.5783528899999996E-011
  -5.7659457499999998E-010
  -4.1144096499999998E-002
  -5.0609132799999998E-002
   2.6914638700000001E-010
  0.51409599699999997     
  0.41032190699999999     
 -0.14708372000000000     
  -1.1969132200000000E-002
   9.8825992700000004E-002
  0.14708372700000000     
  -1.1969132800000001E-002
   9.8825997600000007E-002
  -5.7762735800000004E-010
  -4.1144095499999998E-002
   5.0609131500000001E-002
 -0.14708371700000000     
  -1.1969131900000001E-002
  -9.8825990300000000E-002
  0.14708372400000000     
  -1.1969132500000000E-002
  -9.8825995200000002E-002
   2.6865703600000000E-010
  0.51409598400000001     
 -0.41032189699999999     
  -7.8162066599999992E-012
   2.7034514500000001E-011
  -3.5675168299999999E-003
   1.4360282200000000E-012
  -5.4472999400000003E-012
   1.3949081899999999E-003
  -8.1865881099999996E-010
  -4.1195238199999998E-002
  -5.0693322499999999E-002
  -3.9033463600000002E-011
  0.51114159599999998     
  0.40775985900000000     
 -0.15266609000000000     
  -1.3392439600000000E-002
  0.10300332000000000     
  0.15266610000000000     
  -1.3392440400000000E-002
  0.10300332800000001     
   8.3524540800000002E-010
   4.1195239199999997E-002
  -5.0693323700000001E-002
  0.15266609400000000     
   1.3392439900000001E-002
  0.10300332299999999     
 -0.15266610400000000     
   1.3392440600000000E-002
  0.10300333000000000     
   5.6897349400000000E-011
 -0.51114160799999997     
  0.40775986900000000     
