    1   0.48515E+02  -0.15082E-04   0.00000E+00  -0.15082E-04
    2   0.13680E+03  -0.79798E-12   0.00000E+00  -0.79798E-12
    3   0.37663E+03  -0.37944E-11   0.00000E+00  -0.37944E-11
    4   0.48696E+03   0.24390E-12   0.00000E+00   0.24390E-12
    5   0.53174E+03   0.31655E-12   0.00000E+00   0.31655E-12
    6   0.78644E+03   0.12937E-10   0.00000E+00   0.12937E-10
    7   0.89517E+03  -0.85058E-10   0.00000E+00  -0.85058E-10
    8   0.89717E+03   0.49042E-03   0.00000E+00   0.49042E-03
    9   0.10957E+04   0.78583E-11   0.00000E+00   0.78583E-11
   10   0.11310E+04  -0.12562E-11   0.00000E+00  -0.12562E-11
   11   0.12456E+04   0.93038E-12   0.00000E+00   0.93038E-12
   12   0.14113E+04  -0.58839E-12   0.00000E+00  -0.58839E-12
   13   0.14133E+04  -0.13717E-12   0.00000E+00  -0.13717E-12
   14   0.14905E+04  -0.18062E-13   0.00000E+00  -0.18062E-13
   15   0.14950E+04  -0.12544E-04   0.00000E+00  -0.12544E-04
   16   0.14990E+04   0.18258E-11   0.00000E+00   0.18258E-11
   17   0.15163E+04  -0.15558E-14   0.00000E+00  -0.15558E-14
   18   0.18233E+04  -0.81620E-12   0.00000E+00  -0.81620E-12
   19   0.30444E+04   0.99287E-14   0.00000E+00   0.99287E-14
   20   0.30514E+04   0.13708E-11   0.00000E+00   0.13708E-11
   21   0.31006E+04  -0.14882E-03   0.00000E+00  -0.14882E-03
   22   0.31078E+04   0.15169E-13   0.00000E+00   0.15169E-13
   23   0.31659E+04   0.16483E-14   0.00000E+00   0.16483E-14
   24   0.31667E+04  -0.18758E-11   0.00000E+00  -0.18758E-11
