    1   0.48515E+02   0.56019E-05   0.00000E+00   0.56019E-05
    2   0.13680E+03   0.29383E-12   0.00000E+00   0.29383E-12
    3   0.37663E+03   0.16698E-11   0.00000E+00   0.16698E-11
    4   0.48696E+03  -0.12539E-12   0.00000E+00  -0.12539E-12
    5   0.53174E+03  -0.14132E-12   0.00000E+00  -0.14132E-12
    6   0.78644E+03  -0.58505E-11   0.00000E+00  -0.58505E-11
    7   0.89517E+03   0.38557E-10   0.00000E+00   0.38557E-10
    8   0.89717E+03  -0.22244E-03   0.00000E+00  -0.22244E-03
    9   0.10957E+04  -0.37282E-11   0.00000E+00  -0.37282E-11
   10   0.11310E+04   0.39832E-12   0.00000E+00   0.39832E-12
   11   0.12456E+04  -0.42982E-12   0.00000E+00  -0.42982E-12
   12   0.14113E+04   0.42651E-12   0.00000E+00   0.42651E-12
   13   0.14133E+04   0.66867E-13   0.00000E+00   0.66867E-13
   14   0.14905E+04   0.79828E-13   0.00000E+00   0.79828E-13
   15   0.14950E+04  -0.22195E-04   0.00000E+00  -0.22195E-04
   16   0.14990E+04   0.41042E-11   0.00000E+00   0.41042E-11
   17   0.15163E+04   0.27027E-14   0.00000E+00   0.27027E-14
   18   0.18233E+04   0.32839E-12   0.00000E+00   0.32839E-12
   19   0.30444E+04  -0.29085E-14   0.00000E+00  -0.29085E-14
   20   0.30514E+04  -0.63709E-12   0.00000E+00  -0.63709E-12
   21   0.31006E+04   0.66159E-04   0.00000E+00   0.66159E-04
   22   0.31078E+04  -0.26347E-13   0.00000E+00  -0.26347E-13
   23   0.31659E+04  -0.47619E-15   0.00000E+00  -0.47619E-15
   24   0.31667E+04   0.82286E-12   0.00000E+00   0.82286E-12
