   0.0000000000000000     
   0.0000000000000000     
   0.0000000000000000     
 -0.46223202618423548     
  -1.3877787807814457E-017
   0.0000000000000000     
   0.0000000000000000     
  -6.3487689287812704E-002
   1.7347234759768071E-018
   0.0000000000000000     
  -1.1384122811097797E-018
   1.1926223897340549E-018
  -2.8539252486713536E-018
   5.1709929160953590E-018
 -0.10225396326644452     
   2.1175823681357508E-022
   6.5052130349130266E-019
   1.1001455811518689E-019
  -1.1637887941266734E-002
   0.0000000000000000     
   1.0408340855860843E-017
   3.2873530152322991E-019
  -3.8166838672148498E-002
   8.6736173798840355E-019
  -2.1684043449710089E-019
  -3.7947076036992655E-019
  -1.0408340855860843E-017
  -1.1828911168166516E-019
  -7.0402136970619938E-019
   6.4273454949797443E-002
  -9.6261579526497800E-008
  -5.8466067969504707E-003
  -7.2564757704798911E-020
   1.0804863924816473E-002
  -8.0384598392901855E-003
  -1.4832613399317927E-002
  -1.5981731000564147E-019
   1.4328312812362295E-002
  -1.9974821582267231E-002
  -2.2631396484210005E-004
  -1.0839194874761059E-002
  -5.1610733142434468E-003
   1.3776756545382658E-019
  -6.4680710781301806E-020
   1.2269782857799179E-002
  -3.5327929607010519E-005
  -7.1290161051980345E-003
  -2.6145954829751175E-005
  -3.7843649387159142E-003
  -2.6145954829751175E-005
  -3.7843649387159142E-003
   9.6261579526497840E-008
   5.8466067969504690E-003
   1.5237851853594041E-018
   1.0804863924816478E-002
   8.0384598392901855E-003
   1.4832613399317929E-002
   3.5157928003018045E-018
   1.4328312812362298E-002
   1.9974821582267238E-002
   2.2631396484210011E-004
   1.0839194874761066E-002
   5.1610733142434459E-003
   2.4942278129352777E-018
   1.6365759381638304E-018
   1.2269782857799175E-002
   2.6145954829751175E-005
   3.7843649387159133E-003
   2.6145954829751175E-005
   3.7843649387159142E-003
   3.5327929607010499E-005
   7.1290161051980345E-003
   0.0000000000000000     
   0.0000000000000000     
 -0.21169064842733298     
  -2.0816681711721685E-017
   0.0000000000000000     
   0.0000000000000000     
 -0.18469257268178235     
   1.7347234759768071E-017
   0.0000000000000000     
   5.4210108624275222E-018
  -5.2041704279304213E-018
  -1.1420242890090148E-017
   2.1631446058334963E-017
 -0.41166940851553346     
   6.5052130349130266E-019
  -1.7347234759768071E-018
   1.6274548849380961E-018
  -1.5769522436794539     
   1.7347234759768071E-018
   3.4694469519536142E-018
   4.8785328826445959E-018
 -0.48892310999122429     
   6.9388939039072284E-018
   6.9388939039072284E-018
   3.4694469519536142E-018
  -2.0816681711721685E-017
  -2.2843317186505079E-018
  -4.4989023997267913E-018
  0.69926476661530068     
   3.2473275629578391E-004
  -5.9252438746740894E-003
  -1.1643418697540199E-018
  0.14835380576287671     
  0.21598246746002606     
  -2.7269835641772586E-002
  -3.2403985147270340E-018
   6.0377886787759828E-002
   3.4725986191151926E-003
   2.3464042786066181E-003
 -0.12899265729072706     
  0.11003496873368430     
   2.0895184255138765E-018
  -4.6152589106040655E-019
  -9.3910573234972594E-002
   2.2727150976521299E-002
   3.0194393923328915E-003
  -1.1350812779882879E-002
  -1.8758631739961985E-002
  -1.1350812779882879E-002
  -1.8758631739961985E-002
  -3.2473275629578326E-004
   5.9252438746740937E-003
   1.7569139748232896E-018
  0.14835380576287668     
 -0.21598246746002608     
   2.7269835641772586E-002
   5.5271302850882710E-018
   6.0377886787759849E-002
  -3.4725986191151813E-003
  -2.3464042786066185E-003
  0.12899265729072706     
 -0.11003496873368435     
   1.8069016520691523E-017
  -2.4554238911274478E-017
  -9.3910573234972594E-002
   1.1350812779882886E-002
   1.8758631739961975E-002
   1.1350812779882868E-002
   1.8758631739961975E-002
  -2.2727150976521299E-002
  -3.0194393923328963E-003
   0.0000000000000000     
  -1.2297406518756816E-017
   2.2671699381386580E-017
   0.0000000000000000     
   0.0000000000000000     
  -1.0546144759842846E-017
   1.9777902083999498E-017
   0.0000000000000000     
   1.0952475556726306E-017
  -1.0952475556726306E-017
 -0.26626610995702382     
  -4.1633363423443370E-017
  -1.0951739872526750E-017
   2.0775161057099769E-020
   1.5414683645976634E-018
  -4.3368086899420177E-018
  -7.4614402850315797E-019
  -2.0873787016644664E-018
   5.8935167807744879E-018
  -1.0408340855860843E-017
  -6.2211910852234472E-018
  -8.0606476395079503E-018
   3.2382768088659949E-018
   1.8823400753031622E-018
   5.8448576284316556E-018
 -0.32852770120380137     
   6.9388939039072284E-018
   3.5049314226479818E-018
  -1.0962628579009938E-020
  -1.3992208690924649E-018
  -6.8011761972276794E-004
   2.5526793844713608E-018
  -6.2813049930543618E-019
  -4.6417148822393049E-018
  -1.0404832744680289E-002
   8.4328291621304727E-018
   5.9326805853332035E-019
  -9.3847628383167878E-019
  -2.5590455822697520E-018
  -4.5731718911356428E-019
   4.6429069168700043E-002
   6.4513449375617649E-002
   1.0407257993868147E-018
  -1.4083320546140777E-020
  -7.7994706255950645E-019
  -5.3790307321711292E-003
  -3.7934036833027910E-003
   5.3790307321711266E-003
   3.7934036833027875E-003
   3.4991951921277733E-019
   2.0144745013907056E-018
   6.8011761972277575E-004
  -3.8411155696585448E-017
   5.2446048379486673E-017
  -5.1898244350423037E-019
   1.0404832744680289E-002
  -1.3818326377046981E-017
   1.6005132636571349E-017
   3.4968534265919959E-018
  -3.0896005193389213E-017
   2.4878106615181594E-017
   4.6429069168700002E-002
  -6.4513449375617649E-002
   2.0818106545143699E-017
  -5.3790307321711405E-003
  -3.7934036833027944E-003
   5.3790307321711361E-003
   3.7934036833027849E-003
   6.4510029262887514E-018
   6.5052130349130266E-018
   0.0000000000000000     
  -10.298399068046079     
   9.0243719623459992E-002
   3.0737966349667607E-018
   5.9631119486702744E-018
  -1.4963571185391535     
  0.14866413086027738     
  -8.5638920192777829E-002
  0.16028408807907477     
  -1.9721771949092625E-018
  -1.3954237507172399E-017
   6.9388939039072284E-017
  -2.4328528349351362E-002
 -0.45211758618053255     
   3.9134079348349912E-019
   0.0000000000000000     
  0.15374887392155254     
 -0.88722498248305770     
  -8.1648649849039582E-019
  -3.4694469519536142E-018
  0.89791020559688906     
 -0.18961902295790331     
 -0.56445360914230591     
  -1.8728960201307572     
   2.0853816293651915E-018
  -8.4057653739465053E-019
   1.3877787807814457E-017
   3.6679048939647898E-003
  0.16306800368304741     
  -9.5732380950939877E-019
  -3.3324414694891988E-002
  0.45519811966556878     
  0.28481161873117627     
   1.3028347968388444E-018
 -0.44691919743196606     
   1.0513085659087283E-002
   3.3755082438987102E-002
  0.18815629018661278     
  0.23632158596244324     
   1.6751846757783204E-018
  -5.3127569582305671E-019
 -0.29550363026462734     
   4.8446956114153915E-002
   6.2921464548996761E-002
  -1.1796188856130888E-002
  0.11595818534641343     
  -1.1796188856130882E-002
  0.11595818534641343     
   3.6679048939647872E-003
  0.16306800368304744     
   3.8786254440700558E-017
   3.3324414694892023E-002
  0.45519811966556872     
  0.28481161873117627     
   6.5799100583133580E-017
  0.44691919743196584     
   1.0513085659087281E-002
   3.3755082438987102E-002
  0.18815629018661276     
  0.23632158596244329     
   5.7186340611125309E-017
   5.3257567140934443E-017
  0.29550363026462728     
  -1.1796188856130884E-002
  0.11595818534641342     
  -1.1796188856130877E-002
  0.11595818534641342     
   4.8446956114153915E-002
   6.2921464548996761E-002
   0.0000000000000000     
  -1.7347234759768071E-018
  -5.4412950834213457E-018
   1.2675030106840195     
  -5.8546917314217239E-018
  -2.0816681711721685E-017
   0.0000000000000000     
  -3.4694469519536142E-018
   1.6051381723179637E-017
   1.9721771949092625E-018
 -0.67208543974101387     
  -8.6736173798840355E-019
  -3.4694469519536142E-018
   1.7479223143308211E-018
  -2.5209836428500272     
   1.7347234759768071E-018
   0.0000000000000000     
  -8.4883327698230376E-019
  -2.1222593712597961E-002
  -3.4694469519536142E-018
  -5.2041704279304213E-018
  -3.4694469519536142E-018
   1.7347234759768071E-018
  -2.1614565441308844E-018
  -1.3460825329563038E-018
  0.12088391433609090     
   4.5036638308477176E-003
  0.26864965662122609     
   4.2299674728192215E-019
 -0.49686150122605155     
   3.2134065705920575E-002
  0.41431031962356213     
   3.1444896369010890E-019
 -0.37238545476300333     
  0.34557868574525918     
   4.3123215315119784E-002
  0.52165677017372536     
  0.19939799040365799     
  -8.7667845020597571E-019
  -5.1140399091530766E-019
 -0.31166937218726465     
  -3.6815712666876479E-003
  0.15822673810955831     
   2.1625916527464900E-002
  0.14261590435663041     
   2.1625916527464897E-002
  0.14261590435663041     
  -4.5036638308477142E-003
 -0.26864965662122609     
  -6.0918413898213752E-017
 -0.49686150122605155     
  -3.2134065705920534E-002
 -0.41431031962356213     
  -9.5540839292739562E-017
 -0.37238545476300333     
 -0.34557868574525930     
  -4.3123215315119798E-002
 -0.52165677017372536     
 -0.19939799040365799     
  -1.0390055695614452E-016
  -5.7061714368391388E-017
 -0.31166937218726481     
  -2.1625916527464917E-002
 -0.14261590435663038     
  -2.1625916527464904E-002
 -0.14261590435663038     
   3.6815712666876483E-003
 -0.15822673810955831     
   0.0000000000000000     
   0.0000000000000000     
  -6.8347096529452561E-002
   1.0408340855860843E-017
   0.0000000000000000     
   2.0599841277224584E-018
  -3.7947076036992655E-018
  -4.8291474114545610E-018
   8.8408977768857952E-018
 -0.15372116315714154     
   2.1684043449710089E-019
   0.0000000000000000     
   1.0664616533214929E-018
  -1.2177543009061687     
   1.7347234759768071E-018
   0.0000000000000000     
   4.2073170913895884E-018
 -0.37265099828455689     
  -2.6020852139652106E-018
   8.6736173798840355E-019
   1.7347234759768071E-018
   5.2041704279304213E-018
  -1.5993240461695459E-018
  -1.6912029511013713E-018
  0.18829952431068367     
   8.0982694556838860E-004
   9.7020498472883158E-004
  -9.4367249107372452E-019
  0.25896789090137895     
  0.40976480898370277     
  -5.4006562915862345E-003
  -3.2780504825258984E-018
   8.4916181177765573E-002
  0.10208645286279480     
   1.9200779575376744E-002
  -8.2698863909285936E-002
   6.4888731394741717E-002
   1.1726096133061481E-018
  -2.2096111262972910E-020
  -7.4666532508271821E-002
   7.7071283576006053E-002
   5.6450647437988534E-002
  -3.6661937868382365E-002
  -3.0437771126382011E-002
  -3.6661937868382365E-002
  -3.0437771126382011E-002
  -8.0982694556839055E-004
  -9.7020498472881467E-004
  -7.1950753586331937E-019
  0.25896789090137889     
 -0.40976480898370282     
   5.4006562915862224E-003
   3.6041931257686041E-018
   8.4916181177765560E-002
 -0.10208645286279483     
  -1.9200779575376730E-002
   8.2698863909285922E-002
  -6.4888731394741744E-002
   3.7195746129424846E-019
  -1.4545841175166294E-017
  -7.4666532508271835E-002
   3.6661937868382372E-002
   3.0437771126382018E-002
   3.6661937868382351E-002
   3.0437771126382004E-002
  -7.7071283576006039E-002
  -5.6450647437988534E-002
   0.0000000000000000     
  -7.9531476063642240E-018
   1.5601394017095532E-017
   0.0000000000000000     
   3.3962785192205462E-018
  -3.3962785192205462E-018
  -3.3803711474417124E-002
   1.7347234759768071E-018
  -3.4234451215608372E-018
   1.2621487005798104E-020
   6.0816793157228742E-019
  -1.7347234759768071E-018
  -3.4441431552748716E-019
  -3.7613901178481203E-019
   3.3113297014429573E-018
   3.4694469519536142E-018
  -4.6579395635691778E-018
  -3.3569441871778845E-018
   1.9465228070752286E-018
   1.0926575318531506E-018
   1.0781785458127907E-018
 -0.22335414997050579     
  -1.7347234759768071E-018
   9.7007838753403365E-019
  -1.4713520832311303E-020
  -8.1699669954299512E-019
   1.4860165945420068E-002
   9.3341932532757174E-019
   1.9756553554802026E-020
  -3.2780504825259007E-018
   1.1927072157747329E-002
   6.1354781272237152E-018
   1.4807237091433005E-018
  -9.4142405003025723E-019
  -8.2136809684975925E-019
  -2.8858475250156935E-019
   7.7960125372364852E-002
  0.10633700010168255     
  -1.6621770996585106E-020
  -2.8342680097679005E-020
  -5.6021032569325316E-019
  -2.1445184988023600E-002
  -4.7430775815138293E-003
   2.1445184988023600E-002
   4.7430775815138146E-003
   4.1646554149442445E-019
  -2.1245446495775483E-019
  -1.4860165945420074E-002
  -5.8665855965855205E-017
   9.5426062118461074E-017
   2.0456592048831190E-018
  -1.1927072157747333E-002
  -2.5955278783032786E-017
   4.3701703029192130E-017
   5.7496150393854401E-018
  -1.7708624757121970E-017
   1.5438147802025069E-017
   7.7960125372364866E-002
 -0.10633700010168255     
   2.4302249879184661E-017
  -2.1445184988023606E-002
  -4.7430775815138380E-003
   2.1445184988023586E-002
   4.7430775815138085E-003
   2.3852447794681098E-017
   1.7347234759768071E-017
   0.0000000000000000     
 -0.52266884820209580     
   9.2542535297359174E-002
  -2.6248095918175635E-002
  0.32604437578009493     
  -1.0956253050066200E-017
  -5.5641661810191112E-018
   1.5612511283791264E-017
  -4.7113159803839101E-002
 -0.31083077524483721     
   1.1037288357022235E-018
   0.0000000000000000     
  -1.0319594415084696     
 -0.44521566525071254     
   2.4472684293460898E-018
  -8.6736173798840355E-018
 -0.12598632650084327     
 -0.23838226606487356     
 -0.50380912794313093     
 -0.34851289721164364     
   2.6819011918952603E-019
  -2.0225828462848787E-018
   4.3368086899420177E-019
   1.4540296109985197E-002
  0.11779081952116298     
  -9.8817222785741523E-019
  0.33210646961699120     
  0.38383511576917617     
  0.17202327610395915     
   1.0029338229159363E-018
  -7.3692123508096910E-002
   5.9484665928164523E-002
   7.7844617529788815E-002
  0.11455881755900299     
  0.10916204507718430     
   8.1471515967460971E-019
   2.3228309481262258E-019
   3.7675263284958536E-003
  0.14649472507044706     
  0.12379060041666295     
  -4.2439059598801850E-003
   7.8874170088285261E-002
  -4.2439059598801850E-003
   7.8874170088285261E-002
   1.4540296109985199E-002
  0.11779081952116295     
   2.1076561824198912E-017
 -0.33210646961699114     
  0.38383511576917617     
  0.17202327610395915     
   3.3071723586636796E-017
   7.3692123508096827E-002
   5.9484665928164537E-002
   7.7844617529788801E-002
  0.11455881755900302     
  0.10916204507718424     
   1.6337409439859668E-017
   2.5352709892434027E-017
  -3.7675263284959043E-003
  -4.2439059598801711E-003
   7.8874170088285206E-002
  -4.2439059598801503E-003
   7.8874170088285248E-002
  0.14649472507044708     
  0.12379060041666295     
   0.0000000000000000     
  -1.3877787807814457E-017
   1.7347234759768071E-017
   0.0000000000000000     
   1.8414591833327716E-017
   1.0956253050066200E-017
  0.15239684107157009     
  -1.0842021724855044E-018
   1.3010426069826053E-018
   3.3867887636584331E-019
 -0.83030528744802723     
   8.6736173798840355E-019
  -2.1684043449710089E-019
  -2.7293550371642248E-018
   8.2990271516314371E-002
  -1.0408340855860843E-017
   8.6736173798840355E-019
   1.7347234759768071E-018
  -3.4694469519536142E-018
  -1.1507210657992653E-018
   1.9825344423221269E-018
 -0.35435276634486368     
   2.1189644593709162E-002
  0.18098667999233967     
  -6.6419300172203044E-019
  -5.6325987223459204E-002
 -0.33709217125054752     
  0.24972636256540118     
  -2.5907747500528357E-018
  -8.1744948274735399E-002
   6.3330165982611722E-002
   6.5768653496774673E-002
  0.17552501446459312     
  0.22520180788438723     
   7.2186138767852949E-019
  -1.1085707967059226E-018
   3.6358782671802814E-002
   4.5141219117920413E-002
  0.14506112399614152     
   8.4254791724596240E-002
  0.14373102237161070     
   8.4254791724596240E-002
  0.14373102237161070     
  -2.1189644593709166E-002
 -0.18098667999233969     
  -3.8503657699254960E-017
  -5.6325987223459238E-002
  0.33709217125054747     
 -0.24972636256540123     
  -5.2142359486639967E-017
  -8.1744948274735454E-002
  -6.3330165982611666E-002
  -6.5768653496774715E-002
 -0.17552501446459312     
 -0.22520180788438723     
  -5.1624022553410004E-017
  -2.9409494788155531E-017
   3.6358782671802786E-002
  -8.4254791724596281E-002
 -0.14373102237161073     
  -8.4254791724596226E-002
 -0.14373102237161070     
  -4.5141219117920420E-002
 -0.14506112399614149     
   0.0000000000000000     
   1.1926223897340549E-018
   2.3852447794681098E-018
  -1.7589307724364886E-017
   3.2025402725912767E-017
 -0.16688940155705606     
  -6.7762635780344027E-020
   0.0000000000000000     
   1.6991659753811284E-018
 -0.15329993221631988     
   5.2041704279304213E-018
   1.2143064331837650E-017
   7.0373226741889228E-018
 -0.14591795455491069     
   0.0000000000000000     
  -8.6736173798840355E-018
  -2.6020852139652106E-018
  -1.7347234759768071E-017
  -2.4638014385816657E-018
  -6.6621969539795579E-018
  0.22390917632433507     
   4.8426199871193550E-005
  -3.2584047698324499E-003
  -1.4052306386255633E-018
   2.3142697473212015E-002
   2.1870989415563348E-002
  -1.6274064612648232E-002
  -4.6758074133052061E-018
   2.3423652121534282E-002
  -1.5377132127179957E-002
   1.0063985557097815E-003
  -3.1910577453843708E-002
   2.1991334344235804E-002
   2.3381796081144629E-018
  -6.9684369274530090E-019
  -1.6283539768496481E-002
   2.6396585147368729E-003
  -5.5432895242357484E-003
  -2.7979281844176286E-003
  -7.0628919347559323E-003
  -2.7979281844176286E-003
  -7.0628919347559237E-003
  -4.8426199871193394E-005
   3.2584047698324490E-003
  -1.1846287328102664E-018
   2.3142697473212015E-002
  -2.1870989415563341E-002
   1.6274064612648232E-002
   1.5190010593397292E-018
   2.3423652121534282E-002
   1.5377132127179952E-002
  -1.0063985557097616E-003
   3.1910577453843722E-002
  -2.1991334344235794E-002
  -1.0106658425776723E-017
   1.8453127875061798E-017
  -1.6283539768496457E-002
   2.7979281844176342E-003
   7.0628919347559150E-003
   2.7979281844176260E-003
   7.0628919347559254E-003
  -2.6396585147368734E-003
   5.5432895242357493E-003
   0.0000000000000000     
  -3.5995512126518747E-017
   1.3149858182960713E-017
   2.1821400724267446E-017
  -2.3121501144475038     
   2.7105054312137611E-020
  -1.7347234759768071E-018
   3.6626013438883784E-019
 -0.37208994312354082     
   4.3368086899420177E-018
  -1.7347234759768071E-018
   2.4259289863107484E-018
 -0.45923104906771628     
  -8.6736173798840355E-018
   1.7347234759768071E-018
   0.0000000000000000     
   5.2041704279304213E-018
  -5.2439314564160134E-019
  -1.3424211334098941E-018
  0.77216965295478324     
   6.1731113782219627E-003
  0.16405305931825354     
  -1.1892605445271000E-018
   8.9138693106785918E-002
  0.48301456946672650     
  0.10353448302936868     
  -2.7449683135478933E-018
   6.9286863220957041E-004
   6.1928379031020234E-002
   4.9268551475618663E-002
   7.4045161568100704E-002
  0.34460878603024986     
   1.9188851473191280E-018
  -8.2908198068247075E-019
 -0.28322881969306740     
   5.3848965232146849E-002
   6.4667141140701698E-002
  -8.7169110200560392E-003
   3.2718149949792615E-002
  -8.7169110200560375E-003
   3.2718149949792649E-002
  -6.1731113782219627E-003
 -0.16405305931825351     
  -3.8154829972729085E-017
   8.9138693106785932E-002
 -0.48301456946672661     
 -0.10353448302936870     
  -2.4401394046168648E-017
   6.9286863220956174E-004
  -6.1928379031020254E-002
  -4.9268551475618656E-002
  -7.4045161568100704E-002
 -0.34460878603024997     
  -4.2198639046226519E-017
  -8.7797746747660547E-017
 -0.28322881969306751     
   8.7169110200560670E-003
  -3.2718149949792649E-002
   8.7169110200560392E-003
  -3.2718149949792649E-002
  -5.3848965232146842E-002
  -6.4667141140701698E-002
   0.0000000000000000     
  -1.6644560818426986E-017
  -1.5304393772138147E-017
   1.7302414904386572     
  -3.4694469519536142E-018
   1.7347234759768071E-017
   2.1092995614436482E-018
  -4.3403774838500917     
  -5.2041704279304213E-018
  -3.4694469519536142E-018
   2.5999865026316909E-018
 -0.71993794575618775     
   6.8304736866586779E-018
   1.7347234759768071E-018
  -3.4694469519536142E-018
   0.0000000000000000     
  -2.7775584644647055E-018
  -1.3035339132143257E-018
  0.69332524448854149     
  -5.3099847841946565E-003
 -0.16634490673800212     
  -4.3150179354484804E-019
  0.29757272089130610     
  0.13466671278930423     
 -0.13530917781463556     
  -1.0267025309251637E-018
  0.12185448817847791     
   8.4248340198120383E-003
  -4.3378741091313754E-002
 -0.41114545743708897     
  -1.9954266458716351E-002
   8.6429030078212656E-019
   4.8903048786315830E-019
  -7.3442617276770795E-003
   6.0383252059521475E-003
  -3.4684471544690884E-002
  -1.9635537213334841E-002
  -7.1753585554053104E-002
  -1.9635537213334841E-002
  -7.1753585554053145E-002
   5.3099847841946548E-003
  0.16634490673800212     
   3.9065933552738124E-017
  0.29757272089130610     
 -0.13466671278930425     
  0.13530917781463556     
   3.0370648504721267E-017
  0.12185448817847785     
  -8.4248340198120053E-003
   4.3378741091313767E-002
  0.41114545743708897     
   1.9954266458716334E-002
   8.7017550697158824E-017
   6.7456987023812593E-018
  -7.3442617276770414E-003
   1.9635537213334824E-002
   7.1753585554053145E-002
   1.9635537213334810E-002
   7.1753585554053145E-002
  -6.0383252059521466E-003
   3.4684471544690884E-002
   0.0000000000000000     
  -1.9553012200677626     
   3.1500968236402923E-017
   9.7479231599567540E-021
   2.8114603206011566E-019
 -0.18730447504595735     
   1.0690182417394900E-018
  -4.7364600307853874E-019
  -1.8240434069236407E-018
 -0.29246449200642938     
   9.1187695937361781E-018
   2.1109223424227376E-018
   4.1054862983766081E-019
  -1.9148777421694787E-018
   9.0408865944707844E-019
   1.7347234759768071E-018
  0.46764507809719691     
  -4.9029170095809481E-018
  -2.2173697589945822E-020
  -1.2136959073310602E-018
   5.6614574915919383E-002
   1.3612362002333508E-018
  -5.3466611926168798E-019
   2.5096395899510874E-018
   8.1305601192550037E-002
  -8.5206373757528452E-018
   8.8752543415561870E-019
  -1.4215796871044957E-018
  -2.1714054593973322E-018
  -5.8223583601016225E-019
  -2.3472258865340028E-002
  0.15656502531990826     
   1.0816183522373852E-018
  -2.8183385891434907E-020
   1.5777554911002546E-019
  -3.3205005318960716E-003
   2.2251148387456929E-002
   3.3205005318960703E-003
  -2.2251148387456933E-002
  -5.9232616557248037E-019
  -1.3350472274434541E-017
   5.6614574915919383E-002
   3.3988996766829951E-017
  -1.0599417005340953E-016
  -8.2733476156351523E-018
   8.1305601192550037E-002
   9.3385394234705583E-019
  -2.0029803394057470E-017
   1.6061879704534745E-017
   9.9770953959574007E-018
  -6.8370574488258619E-017
   2.3472258865340004E-002
  0.15656502531990818     
  -6.1338839568423728E-017
   3.3205005318960659E-003
  -2.2251148387456912E-002
  -3.3205005318960590E-003
   2.2251148387456926E-002
  -1.1492543028346347E-017
  -1.4311468676808659E-017
   0.0000000000000000     
  -9.6519042764310775E-018
   6.1740037797522000E-020
   2.1843615172980692E-018
   1.7347234759768071E-018
  -1.2899917755867442E-018
  -1.9489976012596316E-018
  -1.0835875792240382E-018
   0.0000000000000000     
  -1.1115260223770288E-018
   9.0929344495664827E-018
   3.7276239166607981E-018
   2.2597126224632150E-018
   7.1195780963668329E-020
 -0.61879068987252328     
   1.7347234759768071E-018
   3.4180257468332311E-018
   9.0257660326500293E-021
   8.6278398641820929E-019
   8.6402121773418175E-002
  -1.5246417971886523E-018
  -8.2366183640329485E-019
   1.1169625903992205E-018
  0.11070642548514123     
  -2.7519688805328401E-018
  -5.7916668430511529E-018
   6.6430523251189555E-019
   2.0074648955544730E-018
  -3.9777848858343498E-019
 -0.18319526913921941     
   2.4862798171279898E-002
   9.6529857447245145E-019
  -9.9081360152979194E-021
  -4.3526319855908645E-019
   9.8873726586095508E-003
   2.6651654961801684E-002
  -9.8873726586095508E-003
  -2.6651654961801687E-002
   8.3723853616914129E-019
   3.1783202878708527E-017
  -8.6402121773418175E-002
   6.6010370534522751E-017
  -3.6990215705568961E-017
   1.4918640840665267E-017
 -0.11070642548514123     
   1.4939466430920349E-017
  -8.1671867821746710E-018
  -9.3955148812980406E-018
   8.1340018972151911E-017
   8.8725032535019029E-018
 -0.18319526913921935     
  -2.4862798171279937E-002
   6.8073227298215374E-018
   9.8873726586095525E-003
   2.6651654961801642E-002
  -9.8873726586095525E-003
  -2.6651654961801687E-002
  -1.4907779871675694E-018
   3.9031278209478152E-018
   0.0000000000000000     
  -5.9377318056114924E-002
 -0.60377002154291592     
   8.2532618218092486E-019
  -3.4694469519536142E-018
 -0.62762378721740708     
 -0.40888984859753325     
   2.2120619003340957E-018
  -8.6736173798840355E-019
 -0.25660690436136846     
 -0.26116240897083132     
 -0.96786084014937490     
 -0.26725915155519586     
   2.3852275136069484E-018
  -2.3729890721065956E-018
   6.9388939039072284E-018
   4.1208209488181533E-003
  0.14788071043568310     
   4.4992641637316828E-019
 -0.31502870143140022     
 -0.19397770160616362     
  0.12727140883721233     
  -9.3925058729313659E-019
  -6.0774942274536434E-002
  0.13180161005237609     
   3.6369225218249653E-002
  0.25849314419414554     
  0.12801011086598471     
  -1.1518145871296365E-018
  -6.9754829927350119E-019
  -9.1298384220197037E-002
  -9.9431523350284184E-003
   5.7919504977592309E-002
   2.1607740820389888E-002
   4.2359294013659218E-002
   2.1607740820389888E-002
   4.2359294013659218E-002
   4.1208209488181533E-003
  0.14788071043568310     
   3.2853793852802000E-017
  0.31502870143140027     
 -0.19397770160616359     
  0.12727140883721230     
   2.6968402467904019E-017
   6.0774942274536427E-002
  0.13180161005237609     
   3.6369225218249673E-002
  0.25849314419414554     
  0.12801011086598471     
   5.6779667167505599E-017
   1.3611124224046907E-017
   9.1298384220197107E-002
   2.1607740820389885E-002
   4.2359294013659211E-002
   2.1607740820389881E-002
   4.2359294013659211E-002
  -9.9431523350284184E-003
   5.7919504977592288E-002
   0.0000000000000000     
   0.0000000000000000     
   0.0000000000000000     
   1.7004861068246522     
   0.0000000000000000     
   0.0000000000000000     
   0.0000000000000000     
  0.18917824342439959     
  -8.6736173798840355E-019
   0.0000000000000000     
   9.7578195523695399E-019
  -9.7578195523695399E-019
  -4.0359728023057802E-019
   3.4267649405010707E-019
  -5.1780560359431571E-002
   3.3153236678886100E-018
   3.2675403187206808E-005
  -2.6876371100694751E-023
  -5.9664851050505130E-005
   1.0890374228132840E-004
   3.9400871111775169E-003
  -2.9584756409728209E-021
  -3.8263879300269410E-003
   1.1893344825416013E-002
   9.0747920381009343E-008
   5.2183476857934731E-006
   1.5442079997571107E-005
   4.1446688813241104E-024
  -6.5205347269020833E-024
  -1.5492998367370404E-005
   2.1023711201259668E-006
   4.6777807957506783E-003
   1.7900604084891009E-009
   4.7762687685725064E-004
   1.7900604084891009E-009
   4.7762687685725064E-004
  -3.3153236678886100E-018
  -3.2675403187206808E-005
  -8.7423539687206510E-021
  -5.9664851050505137E-005
  -1.0890374228132840E-004
  -3.9400871111775178E-003
  -9.4932140087145893E-019
  -3.8263879300269414E-003
  -1.1893344825416012E-002
  -9.0747920381009343E-008
  -5.2183476857934731E-006
  -1.5442079997571107E-005
  -1.2500892019678734E-021
  -2.1481047369750420E-021
  -1.5492998367370407E-005
  -1.7900604084891005E-009
  -4.7762687685725058E-004
  -1.7900604084891005E-009
  -4.7762687685725058E-004
  -2.1023711201259668E-006
  -4.6777807957506783E-003
   0.0000000000000000     
   0.0000000000000000     
  0.77142083158374630     
  -2.0816681711721685E-017
   0.0000000000000000     
   0.0000000000000000     
  0.69008135161087492     
  -3.4694469519536142E-018
   0.0000000000000000     
   0.0000000000000000     
  -2.6020852139652106E-018
  -4.2513115924995753E-018
   3.4243527738603457E-018
 -0.51592687678040872     
   2.5706111214130210E-007
   5.5117845267678893E-003
  -1.1127096744414638E-020
  -7.9709837188273163E-003
   1.1336864838819641E-002
   4.3043783063057173E-002
  -1.7683415370879206E-019
  -3.3816665141179321E-002
   9.8246197719293674E-002
   3.5558277945067833E-004
   4.7955343533531182E-003
   7.8923238810483052E-003
   8.4172562223313014E-021
  -1.0012441738253868E-020
  -9.7010521875457115E-003
   5.6709765227695274E-004
   4.1804468553410454E-002
   8.9615634809867269E-006
   7.6589230613309340E-003
   8.9615634809867269E-006
   7.6589230613309340E-003
  -2.5706111214130215E-007
  -5.5117845267678893E-003
  -1.2193823314157941E-018
  -7.9709837188273128E-003
  -1.1336864838819641E-002
  -4.3043783063057173E-002
  -9.4469259998280636E-018
  -3.3816665141179335E-002
  -9.8246197719293660E-002
  -3.5558277945067833E-004
  -4.7955343533531191E-003
  -7.8923238810483069E-003
  -1.1554097803670389E-018
  -1.4262330476249746E-018
  -9.7010521875457115E-003
  -8.9615634809867286E-006
  -7.6589230613309323E-003
  -8.9615634809867286E-006
  -7.6589230613309323E-003
  -5.6709765227695296E-004
  -4.1804468553410454E-002
   0.0000000000000000     
  -4.0059220843163452E-018
   3.2700727461242681E-018
   0.0000000000000000     
   0.0000000000000000     
  -3.2128081936621039E-018
   2.7157584621622941E-018
   0.0000000000000000     
   1.3803753914376924E-018
  -1.3803753914376924E-018
   1.0105565155697160     
  -6.9388939039072284E-018
   5.1462015043432122E-019
  -4.6517762053879241E-025
  -1.5226937853219138E-020
   1.4285289865630711E-003
   2.6386333748588580E-020
  -3.2571600607758010E-020
  -3.1730853442428948E-019
   1.6164946813772996E-002
   4.8156045806699659E-019
  -6.4325952666586750E-019
  -3.2147688901220282E-021
  -1.0918592299700771E-020
  -1.6010194525724569E-020
  -1.0749300327243013E-003
   1.6113081729451108E-003
   2.0080656591241428E-020
  -1.0046654200960785E-021
  -2.0342052304649823E-019
   4.5972239067388193E-006
   1.7478201161397261E-003
  -4.5972239067388193E-006
  -1.7478201161397261E-003
   6.9371431867697018E-023
   4.7896659021629960E-019
  -1.4285289865630711E-003
   6.3305162747671736E-019
   1.0541152524043478E-018
   1.9647189692050431E-018
  -1.6164946813772993E-002
   1.3308639172839765E-018
   5.2276612733247384E-018
  -1.4203001647230578E-019
   4.2467580696936269E-019
   9.1249866078012281E-019
  -1.0749300327243015E-003
  -1.6113081729451108E-003
   1.0072747341971305E-018
   4.5972239067388168E-006
   1.7478201161397267E-003
  -4.5972239067388185E-006
  -1.7478201161397265E-003
   1.2980779916672153E-019
   3.4965520062657518E-018
   0.0000000000000000     
  -45.991624796477105     
 -0.29214289341204985     
   7.9540500320670714E-019
   1.7347234759768071E-018
  -5.3858824849464808     
 -0.36218431666839757     
  0.81979584558965768     
 -0.38442221320513759     
   3.4431363116301007E-019
  -1.2578166507218160E-018
   6.9388939039072284E-018
   6.1230392388485327E-007
   7.0357359203266539E-003
  -8.1455131792809896E-021
  -9.6795568276526016E-003
   1.6082616904318909E-002
  0.19522357928386344     
  -3.9272371294263120E-021
 -0.33972925840402812     
  0.45194636896432688     
   4.8227148832043752E-004
   4.2402236173495027E-003
   1.0165361556838488E-002
   6.5540738891451104E-021
  -1.1010367772573202E-020
  -1.0054529666782041E-002
   1.1451688035524852E-003
  0.11277912842420672     
   1.0369079376531027E-005
   3.1977368321355518E-002
   1.0369079376531027E-005
   3.1977368321355518E-002
   6.1230392388485338E-007
   7.0357359203266539E-003
   1.5729975951681350E-018
   9.6795568276526016E-003
   1.6082616904318905E-002
  0.19522357928386344     
   4.5815051915839528E-017
  0.33972925840402812     
  0.45194636896432688     
   4.8227148832043763E-004
   4.2402236173495027E-003
   1.0165361556838488E-002
   1.0869862170253771E-018
   1.6576165128679070E-018
   1.0054529666782041E-002
   1.0369079376531032E-005
   3.1977368321355518E-002
   1.0369079376531027E-005
   3.1977368321355518E-002
   1.1451688035524848E-003
  0.11277912842420672     
   0.0000000000000000     
  -1.7347234759768071E-018
  -6.3930977602628503E-019
   5.0821743539368311     
  -8.6736173798840355E-019
  -1.0408340855860843E-017
   8.6736173798840355E-018
   3.4694469519536142E-018
   1.3892460638923047E-018
  -3.4431363116301007E-019
   1.3114743409931851     
  -8.7406660804413605E-007
  -9.2669259022728819E-003
   1.9938440987940815E-020
   1.3697905134542217E-002
  -1.6040595867887832E-002
   6.0279846150470197E-002
   1.8146496536268991E-019
  -6.1204719806049808E-002
  0.23928821121042920     
  -7.1363737782850073E-004
  -1.0492341250834491E-002
  -1.4081857400450572E-002
  -1.9445874315203038E-020
   2.1515213811614895E-020
   1.9360743841425956E-002
  -5.6748918788620151E-004
  0.10070732141269548     
  -2.1035508011499300E-005
   3.2434831298591119E-003
  -2.1035508011499300E-005
   3.2434831298591119E-003
   8.7406660804413626E-007
   9.2669259022728819E-003
   2.1221979193303377E-018
   1.3697905134542217E-002
   1.6040595867887839E-002
  -6.0279846150470183E-002
  -1.4760126190232709E-017
  -6.1204719806049815E-002
 -0.23928821121042920     
   7.1363737782850084E-004
   1.0492341250834491E-002
   1.4081857400450573E-002
   2.5367492136999884E-018
   2.8255601559020361E-018
   1.9360743841425956E-002
   2.1035508011499310E-005
  -3.2434831298591119E-003
   2.1035508011499300E-005
  -3.2434831298591119E-003
   5.6748918788620140E-004
 -0.10070732141269548     
   0.0000000000000000     
   0.0000000000000000     
  0.53855777004127670     
  -3.4694469519536142E-018
   0.0000000000000000     
   8.6736173798840355E-019
   0.0000000000000000     
  -2.4118638179744068E-018
   2.0404454596803204E-018
 -0.29179057133041414     
   1.0726203417600318E-003
   3.9993305142897687E-002
  -2.7514851334829554E-019
  -9.6896875284037225E-003
   7.8136597061978050E-002
   9.9967308939077459E-002
  -1.2899862197012806E-018
  -4.2791467036991077E-002
  0.17558871662374506     
   1.2001792015468355E-002
   2.4515859675535601E-002
   7.3031135679810927E-002
   3.3147385507008113E-019
  -2.4753948685219628E-019
  -4.8461576058484626E-002
   2.2803772096296589E-002
   9.9926094309698676E-002
  -1.2458313543009416E-004
   2.3782362401458115E-002
  -1.2458313543009416E-004
   2.3782362401458115E-002
  -1.0726203417600324E-003
  -3.9993305142897694E-002
  -7.7350895776361677E-018
  -9.6896875284037155E-003
  -7.8136597061978064E-002
  -9.9967308939077459E-002
  -2.0026220755870429E-017
  -4.2791467036991090E-002
 -0.17558871662374506     
  -1.2001792015468356E-002
  -2.4515859675535597E-002
  -7.3031135679810927E-002
  -7.2537108381679041E-018
  -1.0420758371940774E-017
  -4.8461576058484612E-002
   1.2458313543009324E-004
  -2.3782362401458115E-002
   1.2458313543009238E-004
  -2.3782362401458111E-002
  -2.2803772096296585E-002
  -9.9926094309698690E-002
   0.0000000000000000     
  -4.0058024457378793E-018
   3.2698805646687198E-018
   0.0000000000000000     
   8.7959644970557797E-019
  -8.7959644970557797E-019
  0.29142204639438973     
  -8.6736173798840355E-018
   3.4692586869337955E-019
  -2.3519005614236818E-021
  -2.7589851728966507E-019
   1.7437823630623569E-002
   3.6437865085092819E-019
  -2.7841670690656701E-019
  -1.6697915503704161E-018
   5.5722885609056090E-002
   2.8656998447562692E-018
  -1.7424015513077634E-018
  -2.4467102711089062E-019
  -3.0032463516822160E-019
  -1.8755993471524481E-019
  -2.9664203233449888E-003
   3.1268422475166646E-002
   2.4661762452330722E-019
  -2.7508833670725943E-020
  -7.0371232854017025E-019
   2.5341681283126010E-004
   8.8678021386565872E-003
  -2.5341681283126010E-004
  -8.8678021386565838E-003
   2.7920950107017211E-019
   5.1294540926508271E-018
  -1.7437823630623576E-002
  -4.2775482361781621E-018
   1.2652123094469329E-017
   5.8971179003499045E-018
  -5.5722885609056090E-002
  -3.5134065190643900E-018
   1.5932565570146385E-017
  -1.0010091326958572E-018
   5.7602233357205312E-019
   1.2835625697782960E-017
  -2.9664203233449923E-003
  -3.1268422475166646E-002
   5.6513722058186893E-018
   2.5341681283125826E-004
   8.8678021386565942E-003
  -2.5341681283125989E-004
  -8.8678021386565976E-003
   7.8604657505199087E-018
   1.5395670849294163E-017
   0.0000000000000000     
  -1.5799547633902846     
 -0.49851546181977713     
 -0.16939659787853864     
 -0.70202542617361374     
  -1.5278218075971587E-018
  -2.3941191761453222E-018
   1.7347234759768071E-018
   2.9755381168950277E-003
   6.4614842155624130E-002
  -2.8425370524161732E-019
   1.7941831473063503E-002
  0.11672400125032791     
  0.17119717953176927     
   1.9819581778190580E-019
 -0.12270056666175734     
  0.26580290933308776     
   2.4257375024197340E-002
   3.5775154731416396E-002
  0.11419136290394537     
   2.7921725027712074E-019
  -3.4569184514767100E-019
  -3.4782235182893660E-002
   6.1492713113328087E-002
  0.16008818269588224     
   6.3593988099986949E-004
   4.4922279271145407E-002
   6.3593988099986949E-004
   4.4922279271145407E-002
   2.9755381168950286E-003
   6.4614842155624116E-002
   1.1875126510554099E-017
  -1.7941831473063496E-002
  0.11672400125032791     
  0.17119717953176927     
   3.5090389188834402E-017
  0.12270056666175737     
  0.26580290933308770     
   2.4257375024197343E-002
   3.5775154731416396E-002
  0.11419136290394535     
   6.1771205352387233E-018
   1.6682185874219059E-017
   3.4782235182893688E-002
   6.3593988099987014E-004
   4.4922279271145414E-002
   6.3593988099987242E-004
   4.4922279271145407E-002
   6.1492713113328087E-002
  0.16008818269588221     
   0.0000000000000000     
   0.0000000000000000     
  -1.0408340855860843E-017
  -8.6736173798840355E-019
   1.6930262553290896E-018
   1.5278218075971587E-018
  0.34640051915215875     
  -3.0738560251572741E-003
  -6.4217380916817862E-002
   6.6190624509191579E-019
  -2.9859634734893590E-002
 -0.14989037456425464     
  -6.0559921941974161E-002
   2.1953190365375937E-018
   5.6552977896434826E-004
  -1.7696944427430937E-002
  -2.4238190755309585E-002
  -2.7038130723922301E-002
 -0.12612760558124006     
  -8.3788624192676857E-019
   4.8761841415568120E-019
   7.5476557267218677E-002
  -3.8851193793202135E-002
  -2.0338570267099267E-002
   1.5154698162648632E-003
  -2.1524892829650033E-002
   1.5154698162648632E-003
  -2.1524892829650033E-002
   3.0738560251572745E-003
   6.4217380916817862E-002
   1.5007225755615832E-017
  -2.9859634734893586E-002
  0.14989037456425464     
   6.0559921941974154E-002
   1.1483823537872106E-017
   5.6552977896435520E-004
   1.7696944427430923E-002
   2.4238190755309589E-002
   2.7038130723922291E-002
  0.12612760558124009     
   1.0440615603551759E-017
   2.1548889907718829E-017
   7.5476557267218664E-002
  -1.5154698162648608E-003
   2.1524892829650026E-002
  -1.5154698162648593E-003
   2.1524892829650026E-002
   3.8851193793202135E-002
   2.0338570267099263E-002
   0.0000000000000000     
   2.6020852139652106E-018
  -3.0357660829594124E-018
  -6.4198264711536251E-018
   5.2053758567757439E-018
 -0.20970025929321384     
   4.4045721581236068E-007
   3.5931128123859930E-003
  -3.6314917819730004E-020
  -4.4748545695625745E-003
   7.2877456103557165E-003
   3.3273394325762477E-002
  -6.2470099373134747E-019
  -2.3943013370356141E-002
   7.6947739716707569E-002
   9.7550426808221829E-004
   2.4067291869434345E-003
   5.0772954075946411E-003
   2.9352697368415213E-020
  -3.5314649930933068E-020
  -5.3338877633038921E-003
   5.6575484157809076E-004
   3.4825531411704441E-002
   1.7501393604062521E-005
   6.6699615303053269E-003
   1.7501393604062545E-005
   6.6699615303053269E-003
  -4.4045721581236079E-007
  -3.5931128123859930E-003
  -1.2196929601768374E-019
  -4.4748545695625745E-003
  -7.2877456103557165E-003
  -3.3273394325762484E-002
  -4.9591443188606079E-018
  -2.3943013370356144E-002
  -7.6947739716707569E-002
  -9.7550426808221818E-004
  -2.4067291869434341E-003
  -5.0772954075946420E-003
  -4.2648636114253426E-020
   2.5879117827245112E-019
  -5.3338877633038921E-003
  -1.7501393604062514E-005
  -6.6699615303053269E-003
  -1.7501393604062504E-005
  -6.6699615303053269E-003
  -5.6575484157809055E-004
  -3.4825531411704455E-002
   0.0000000000000000     
   3.4694469519536142E-018
   2.5066575154269684E-018
   2.7305339626120589E-018
  -4.0040206726828389     
   1.5487212215033445E-005
   1.7072512700261451E-002
  -2.8497140438900448E-020
  -1.5506504952169875E-002
   3.5140427952004671E-002
   9.4922627263968273E-002
  -2.3127801306727456E-019
  -5.1639882223087220E-002
  0.20221825338035940     
   2.2002273474980715E-003
   9.1384235329379036E-003
   3.2711309436291913E-002
   2.4021043170496491E-020
  -4.4084421136699305E-020
  -2.4099385776589696E-002
   6.2787652404349536E-003
   9.9294061763431016E-002
   4.6474371298839706E-005
   1.7918986341982805E-002
   4.6474371298839713E-005
   1.7918986341982805E-002
  -1.5487212215033445E-005
  -1.7072512700261454E-002
  -3.5690996993134561E-018
  -1.5506504952169875E-002
  -3.5140427952004671E-002
  -9.4922627263968273E-002
  -2.0797685925692799E-017
  -5.1639882223087227E-002
 -0.20221825338035940     
  -2.2002273474980710E-003
  -9.1384235329379036E-003
  -3.2711309436291906E-002
  -2.7345645691414236E-018
  -5.1900845275067459E-018
  -2.4099385776589693E-002
  -4.6474371298839706E-005
  -1.7918986341982801E-002
  -4.6474371298839706E-005
  -1.7918986341982805E-002
  -6.2787652404349536E-003
  -9.9294061763431030E-002
   0.0000000000000000     
  -3.0294631784185205E-018
  -2.2621076793858789E-018
   3.3721233487732611     
   2.8856514776578680E-005
   3.8986248162269053E-002
  -1.0807023145989938E-019
  -5.6075468126244227E-002
   6.2335595199874236E-002
   8.3252859478727514E-002
  -5.7744227621563908E-019
  -6.7038239474015549E-002
  0.11269261536155387     
   4.1302397110850823E-003
   4.8602389294313458E-002
   5.7292572453614472E-002
   1.3693905587860118E-019
  -1.2304456756667169E-019
  -8.2223425194983685E-002
   2.4990911215089294E-003
   4.9901083715563843E-002
   1.3444167019871216E-004
   2.1698231464072765E-002
   1.3444167019871213E-004
   2.1698231464072765E-002
  -2.8856514776578687E-005
  -3.8986248162269053E-002
  -9.0723140713108472E-018
  -5.6075468126244227E-002
  -6.2335595199874243E-002
  -8.3252859478727487E-002
  -1.8967581105983551E-017
  -6.7038239474015535E-002
 -0.11269261536155387     
  -4.1302397110850823E-003
  -4.8602389294313458E-002
  -5.7292572453614465E-002
  -1.1863813700321986E-017
  -1.2401969566847379E-017
  -8.2223425194983685E-002
  -1.3444167019871216E-004
  -2.1698231464072765E-002
  -1.3444167019871213E-004
  -2.1698231464072765E-002
  -2.4990911215089294E-003
  -4.9901083715563836E-002
   0.0000000000000000     
  -3.2919235381860927     
   3.3306764121894573E-018
  -1.8768553957085619E-023
  -4.0659896876182095E-020
   6.4467673913177056E-003
   4.1196406338100821E-020
  -8.0907656263903464E-020
  -7.6954462210578224E-021
   6.0019428653998334E-002
  -4.0188747794159056E-019
   2.2229507154206474E-021
  -1.7923987014047433E-020
  -2.7992727084628530E-020
  -6.4169758121915350E-020
  -4.7409306303642026E-003
   8.9884267310194940E-003
   6.4119732056160900E-020
  -7.0231868797438028E-021
  -1.4632117099763567E-019
   3.4980529947948677E-005
   7.5612169352635289E-003
  -3.4980529947948711E-005
  -7.5612169352635289E-003
  -2.8187683373376476E-021
  -2.0530785477524176E-018
   6.4467673913177056E-003
  -2.2015097762692369E-018
  -4.4997575136444453E-018
  -6.9625277730931924E-018
   6.0019428653998334E-002
  -8.1101223732879432E-018
  -1.5478508475689272E-017
   7.4215575034341288E-019
  -1.5311024392287611E-018
  -5.0022706033036911E-018
   4.7409306303642026E-003
   8.9884267310194940E-003
  -4.0783101469210324E-018
  -3.4980529947948684E-005
  -7.5612169352635298E-003
   3.4980529947948677E-005
   7.5612169352635263E-003
  -1.1621292036329001E-018
  -1.0001765041178777E-017
   0.0000000000000000     
  -4.6026773008363546E-018
   3.3135006613528348E-023
   1.0924236953269129E-019
  -8.1046813848008256E-003
  -1.7280336498392076E-019
   1.7343813414830860E-019
   8.4684602183120591E-019
  -1.1562758527422421E-002
  -1.4012744761948266E-018
   1.1545313295961873E-018
   3.8693596290375950E-020
   1.0798700317285904E-019
   1.0962604251433525E-019
   8.3221068088562174E-003
  -1.1852272617551070E-002
  -1.7035465588558966E-019
   5.3353978159169553E-021
   3.3967598082244557E-019
  -5.5272081648871009E-005
  -2.9390369262911760E-003
   5.5272081648871009E-005
   2.9390369262911786E-003
  -4.0397645066086445E-021
  -2.5423087219642974E-018
   8.1046813848008256E-003
  -3.2450558519896707E-018
  -4.8680682633679191E-018
  -1.4523193869590115E-018
   1.1562758527422423E-002
   2.2095466350958893E-019
  -4.2973246585025083E-020
   1.0940015014152149E-018
  -3.0408201114222486E-018
  -6.1662559626720202E-018
   8.3221068088562156E-003
   1.1852272617551068E-002
  -6.5268315751080645E-018
  -5.5272081648870989E-005
  -2.9390369262911791E-003
   5.5272081648870996E-005
   2.9390369262911782E-003
  -6.2002811739014814E-019
   5.4210108624275279E-019
   0.0000000000000000     
  -3.6436415726422317E-005
  -3.5047888987284240E-002
   6.3563959526259824E-020
   4.1407269265148788E-002
  -6.0354948659149359E-002
  -9.6828712950123144E-002
  -4.2830422207082060E-020
  0.14405759881650704     
  -8.5616224595539081E-002
  -4.6631372541147348E-003
  -3.2041026890820855E-002
  -6.0931450601718534E-002
  -7.1090706919357087E-020
   1.0231484229436527E-019
   6.3561405892974307E-002
  -5.4829320662359449E-003
  -1.3360313903877504E-002
  -1.2611971178684412E-004
  -2.8258081785027516E-002
  -1.2611971178684415E-004
  -2.8258081785027516E-002
  -3.6436415726422323E-005
  -3.5047888987284247E-002
  -7.5829191209381637E-018
  -4.1407269265148788E-002
  -6.0354948659149352E-002
  -9.6828712950123144E-002
  -2.1687718450123255E-017
 -0.14405759881650704     
  -8.5616224595539081E-002
  -4.6631372541147348E-003
  -3.2041026890820841E-002
  -6.0931450601718534E-002
  -8.1943682052725086E-018
  -1.1277792075084824E-017
  -6.3561405892974279E-002
  -1.2611971178684418E-004
  -2.8258081785027516E-002
  -1.2611971178684418E-004
  -2.8258081785027516E-002
  -5.4829320662359458E-003
  -1.3360313903877503E-002
   0.0000000000000000     
   0.0000000000000000     
   0.0000000000000000     
 -0.33759992819195117     
 -0.58501808647628217     
   0.0000000000000000     
   0.0000000000000000     
  -4.6369466643630078E-002
  -8.0352445092701480E-002
   0.0000000000000000     
   1.7188781801412974E-002
  -1.7188781801412974E-002
   1.6933686423560618E-020
   7.3646579614408359E-019
   1.1538036782466531E-002
  -4.3148342568875911E-002
  -3.4604675798986989E-002
   2.2280307423615014E-002
   1.8289438519529400E-002
   2.2280307423615014E-002
   1.8289438519529404E-002
   1.4691310113742907E-016
   1.1370897357391271E-005
   2.8246183058046831E-021
   4.2929402220526066E-005
  -2.3675167020867362E-006
   2.1268282270163743E-003
   5.1058701289164021E-019
   7.0165200839935916E-003
  -1.7148135878086337E-003
   6.0731489741350900E-008
   7.6048079332483893E-006
   5.1847218675656600E-008
   8.7554600889167271E-022
  -1.6387060556861170E-023
  -3.8423744699735176E-007
   1.5261819725142436E-007
   1.4641503719586132E-003
   1.5261819725142439E-007
   1.4641503719586132E-003
   6.4571316438879053E-011
   9.7438698706858726E-005
   0.0000000000000000     
   0.0000000000000000     
 -0.16093820845059520     
 -0.27886159567553848     
   0.0000000000000000     
   0.0000000000000000     
 -0.16454310868950453     
 -0.28469711286166399     
   0.0000000000000000     
   7.4925079010933010E-002
  -7.4925079010932996E-002
   6.9932230360138326E-020
   2.9570162022949047E-018
   5.1023472979182825E-002
 -0.15658535019922895     
 -0.13387222485392022     
   8.0035474958763841E-002
   7.0054594593598266E-002
   8.0035474958763841E-002
   7.0054594593598266E-002
   1.1370897357391276E-005
   8.2294637474421544E-003
   1.6978368239546214E-018
   1.7982051475713381E-002
   1.2668497567359675E-003
   3.9748006134785414E-002
   8.2206688259883186E-018
   8.4380361836647488E-002
  -1.4763492801756095E-002
   1.0818539922222176E-003
   1.8527254918709785E-002
   2.0113423913453114E-003
   2.7282791577460063E-018
   4.4778693026946644E-019
   2.8512361017888647E-003
   5.7115592153060167E-004
   2.4054350519236854E-002
   5.7115592153060167E-004
   2.4054350519236850E-002
   5.7334379166990630E-006
   4.9270273196032393E-003
   0.0000000000000000     
   7.4674669185115340E-020
   3.4147666382194588E-018
   0.0000000000000000     
   0.0000000000000000     
   6.6687722819374441E-020
   2.9405491703962214E-018
   0.0000000000000000     
  -3.2218986007766493E-020
   3.2218986007766493E-020
 -0.12376029146953077     
 -0.45421174271914727     
  -1.6540003347071908E-018
   3.3119166176337438E-019
   6.4205051106322505E-019
   9.9521118574347450E-002
   3.0764601806407065E-002
  -9.9521118574347450E-002
  -3.0764601806407065E-002
  -2.4503476876427066E-021
  -6.9207941822972669E-019
   2.2171045839294344E-003
  -1.5464506621734366E-018
   7.6665497547007353E-020
  -1.6945538522922123E-018
   1.3502521905956005E-002
  -4.9173888504878071E-018
   1.4558352547026925E-018
   1.8963202021615892E-019
  -2.1092640661401165E-018
  -1.9722627764599437E-019
   3.5717400028730598E-003
  -2.7233936673911656E-005
   6.8376051989091457E-020
  -4.0247488905977512E-004
  -5.8027517442331405E-003
   4.0247488905977507E-004
   5.8027517442331396E-003
  -1.5521611045361660E-037
  -2.5072175238727285E-019
  -1.0842021724855044E-018
  -10.627305840213854     
   7.6662404951273674E-002
  -1.8404703281682520E-020
   5.2112146598349139E-002
  -1.5207082062854784     
   6.0916786806185404E-002
 -0.22195886389846803     
  0.34329755146840557     
   6.0128219623108213E-021
  -9.5047360146160242E-019
 -0.51364386329810419     
 -0.68983563889845212     
 -0.40353053261008148     
  0.57605502314731027     
  0.43036735743793414     
  0.57605502314731027     
  0.43036735743793414     
  -4.2929402220526086E-005
  -1.7982051475713381E-002
  -3.6583094852529164E-018
  -3.7234142206140589E-002
  -2.5420107331921558E-003
  -6.1246410880563214E-002
  -1.2964203329691212E-017
 -0.11275850456249545     
  -1.9830564532962405E-002
  -2.6988541573654649E-003
  -4.1233579480686545E-002
  -5.0318105448513640E-003
  -6.4160130478008619E-018
  -1.0188926492643543E-018
  -5.9029540706284633E-003
  -1.4016367000452873E-003
  -2.6030622617182638E-002
  -1.4016367000452875E-003
  -2.6030622617182638E-002
  -1.1067938016514817E-005
  -1.0183961179199119E-002
  -2.1684043449710012E-020
  0.13268893930183628     
  -7.4393173087280717E-019
   1.5636559589029839     
  -5.2112146598349153E-002
  0.27049377185853751     
  0.30459931355250436     
 -0.25931269492385506     
   1.1966465406699865E-018
  -6.0128219623108273E-021
 -0.30953062856769464     
  0.63655343383184315     
  0.53476777024053423     
   5.2001588650802934E-002
   8.9360880395440878E-002
   5.2001588650802934E-002
   8.9360880395440878E-002
  -2.3675167020867243E-006
   1.2668497567359684E-003
   4.2001529827654371E-019
   2.5420107331921571E-003
   3.6598733333019304E-003
  -6.1825831548433574E-002
  -1.4262931578132014E-017
 -0.20752012276553053     
   1.2721956813387645E-002
   8.0069297774970265E-006
   3.7070068093751018E-003
   4.1135244896409033E-004
   7.8589937719977947E-019
   5.8788720083432356E-019
   6.1903210771894939E-003
  -3.4576130463833700E-004
  -3.6703588589137484E-002
  -3.4576130463833673E-004
  -3.6703588589137484E-002
   2.5448182749410779E-006
  -3.4308315237462942E-003
   0.0000000000000000     
   0.0000000000000000     
 -0.13904065617910327     
 -0.23990183992049166     
   0.0000000000000000     
   3.3189193035934143E-002
  -3.3189193035934129E-002
   2.8380308973658146E-020
   1.2282423534042052E-018
   2.3193402291730194E-002
  -8.9873825753254630E-002
 -0.12174288252440679     
   4.6094455593387880E-002
   6.3186813870716244E-002
   4.6094455593387880E-002
   6.3186813870716230E-002
   2.1268282270163726E-003
   3.9748006134785387E-002
   7.8261119012376444E-018
   6.1246410880563207E-002
  -6.1825831548433588E-002
   8.7462283049538930E-002
   1.6795829963612911E-017
  0.13199492252122416     
  -4.3770969104199919E-002
   1.1499771930955893E-002
   7.1845626047766731E-002
   2.3316414975602946E-002
   1.2675533427723747E-017
   3.9430570469257406E-020
  -2.0267753133829104E-002
   1.7545334228344665E-002
   6.4025787124054878E-002
   1.7545334228344662E-002
   6.4025787124054878E-002
  -2.5887557055676432E-003
   1.3785705113504382E-002
   0.0000000000000000     
   7.4673381077651238E-020
   2.9810792316208806E-018
   0.0000000000000000     
  -1.0283227642971943E-020
   1.0283227642971943E-020
  -1.2405567004494630E-002
  -8.0080078210806926E-002
  -5.3133508576222729E-019
   1.2044331560562679E-019
   5.9434981546207143E-019
   4.8026760648740049E-002
   3.4120930420278285E-002
  -4.8026760648740056E-002
  -3.4120930420278285E-002
  -4.6396556598906799E-019
  -3.2945345779326479E-018
   1.3502521905955996E-002
  -7.4336599791342441E-018
   1.7444062446848159E-017
  -5.1171768653970663E-018
   4.3873069759777394E-002
  -6.2589787794352603E-018
   1.1178938253289191E-017
   4.0133412273240126E-018
  -8.9742725832329148E-018
  -4.2625455055291580E-018
   2.2487218667759181E-002
  -1.7397999484748530E-002
   8.1696749715203930E-018
  -1.4034616290772945E-002
  -2.5028386696280061E-002
   1.4034616290772944E-002
   2.5028386696280065E-002
   8.1315162936412833E-019
  -6.5052130349130266E-019
   0.0000000000000000     
 -0.58198164999644875     
   3.3962028792786390E-002
  0.14552832245948816     
  0.19004776080506397     
   3.3322191691849032E-020
   6.8162584988458376E-020
 -0.10553047608101178     
 -0.28089706258155228     
 -0.16138608593535325     
  0.29222616759853615     
  0.26626307162128077     
  0.29222616759853615     
  0.26626307162128077     
  -7.0165200839935890E-003
  -8.4380361836647405E-002
  -1.9094465987710232E-017
 -0.11275850456249537     
  0.20752012276553022     
 -0.13199492252122416     
  -2.7057464407652065E-017
 -0.13643473478634974     
   6.3802536263021070E-002
  -2.6247771842264993E-002
 -0.13672495179165597     
  -6.0038060671427917E-002
  -2.5038612700905206E-017
  -5.6843365155013808E-018
   6.1197885057691345E-002
  -4.9448131372630232E-002
  -9.8204116379360357E-002
  -4.9448131372630197E-002
  -9.8204116379360357E-002
   9.3908662715335798E-003
  -2.4000528554223903E-002
   0.0000000000000000     
  0.21923076316774978     
  0.28052399268111700     
  0.13943377938325066     
   1.8968800353295756E-018
  -3.3322191691849032E-020
 -0.20760519727862675     
  0.34504694747203996     
  0.33190011887084092     
   8.0593817751645633E-002
  0.13660350793115369     
   8.0593817751645633E-002
  0.13660350793115369     
  -1.7148135878086300E-003
  -1.4763492801756085E-002
  -4.1247586139328101E-018
   1.9830564532962374E-002
   1.2721956813387648E-002
  -4.3770969104199892E-002
  -5.5693460189111837E-018
  -6.3802536263021167E-002
   5.3440443377831451E-002
  -6.8413921581483954E-003
   4.0107949360084034E-003
  -3.4416165533725965E-002
  -3.5866054497070407E-018
   3.0218843142095792E-018
   1.5475499164937994E-002
  -1.5137792472868183E-002
  -5.0053236563266990E-002
  -1.5137792472868179E-002
  -5.0053236563266990E-002
  -3.9094255758469173E-003
  -9.1553349039722454E-003
   0.0000000000000000     
   5.5279024645405635E-002
  -5.5279024645405649E-002
   1.2474114710680740E-019
   4.9699144610577573E-018
  -6.2926900524647889E-002
  -7.7480355334416412E-002
  -7.7924511560246254E-002
  0.12946936274190030     
   6.2486528383804717E-002
  0.12946936274190030     
   6.2486528383804717E-002
   6.0731489741350794E-008
   1.0818539922222176E-003
   1.8887091584888570E-020
   2.6988541573654645E-003
   8.0069297774970130E-006
   1.1499771930955895E-002
   1.2194009279311481E-018
   2.6247771842265000E-002
  -6.8413921581483997E-003
   2.5811878935560762E-004
   1.9936697640294738E-003
   1.1494469320736887E-004
  -5.9286334087743001E-020
   2.0839708912181292E-020
   9.9498257570514683E-005
   1.2842056710578501E-004
   8.0719955944509574E-003
   1.2842056710578499E-004
   8.0719955944509592E-003
   4.2091966274113422E-007
   1.1227603080214731E-003
   0.0000000000000000     
  -8.8605255458161586E-002
  -5.1910752698628333E-020
   2.1879770120631372E-018
  -2.3643379535417060     
 -0.57844645027517749     
 -0.22769335764308135     
   6.0002023919169638E-002
   5.3580657573609865E-002
   6.0002023919169638E-002
   5.3580657573609865E-002
   7.6048079332483783E-006
   1.8527254918709782E-002
   3.9349595788290144E-018
   4.1233579480686545E-002
   3.7070068093751013E-003
   7.1845626047766731E-002
   1.5908479351596298E-017
  0.13672495179165606     
   4.0107949360084372E-003
   1.9936697640294738E-003
   4.3336800993998684E-002
   3.8397009848141700E-003
   6.8068100472087888E-018
   9.5484577327361703E-019
   7.3421024381598770E-003
   9.3343241538567919E-004
   3.4719931274599193E-002
   9.3343241538567908E-004
   3.4719931274599193E-002
   1.5375667571992719E-005
   1.1160194859106977E-002
   0.0000000000000000     
   5.6509926623420944E-020
  -1.7309536965572156E-018
   2.5261589495275705     
  0.31201596964158929     
   2.0644579205629033E-004
  -1.3922604397220385E-002
   4.3426182756981471E-002
  -1.3922604397220385E-002
   4.3426182756981471E-002
   5.1847218675656481E-008
   2.0113423913453114E-003
   4.4418937737977977E-019
   5.0318105448513640E-003
   4.1135244896409027E-004
   2.3316414975602946E-002
   5.7840278705342425E-018
   6.0038060671427959E-002
  -3.4416165533725965E-002
   1.1494469320736887E-004
   3.8397009848141713E-003
   5.7007119349508108E-004
   5.9117895396716061E-019
   1.4830982807654327E-019
   1.1209626239130734E-003
   1.2459130872226779E-004
   2.0888460568487817E-002
   1.2459130872226776E-004
   2.0888460568487817E-002
   1.2945880584538184E-006
   1.0518872099960044E-003
   0.0000000000000000     
  -2.1541399600114319     
   3.8988291654011687E-018
   3.2745891994269907E-019
  -9.8548407800518224E-020
  0.39518351803555274     
   8.3932511206253807E-002
 -0.39518351803555274     
  -8.3932511206253793E-002
   7.5828520082048239E-022
   1.2171391326842779E-018
  -3.5717400028730598E-003
   2.8856373544333523E-018
   4.9176678494391930E-021
   3.3578093960721960E-018
  -2.2487218667759191E-002
   7.2610645037978848E-018
  -2.5146528124700582E-018
  -3.6784642575813547E-019
   3.3816391123095678E-018
   2.2768586813008488E-019
  -5.4785366806011856E-003
  -1.6518919393278738E-004
   1.5788503186759389E-020
   4.3189688949260005E-004
   7.0639120829414075E-003
  -4.3189688949260010E-004
  -7.0639120829414049E-003
   1.0323214044661782E-021
   5.2177229550864901E-019
   0.0000000000000000     
   6.7403280106753009E-020
  -4.0870650014160415E-020
  -4.6933352900436071E-019
   2.4600536298911131E-002
   2.9078350823491576E-002
  -2.4600536298911131E-002
  -2.9078350823491576E-002
   1.9404025196820337E-023
  -2.2292366552368936E-020
  -2.7233936673911941E-005
  -2.7651168618626934E-020
  -2.1172508402246460E-019
   3.4139697982815763E-018
  -1.7397999484748541E-002
   6.6908940675701576E-018
  -2.1463329043420252E-018
   2.7688284379851625E-020
  -5.3891823767227698E-020
  -1.8833562628473980E-021
   1.6518919393278790E-004
   3.4483407962210657E-004
  -3.6955765485848688E-019
   1.1380972592572720E-004
   6.9182574861109784E-003
  -1.1380972592572716E-004
  -6.9182574861109793E-003
  -2.2499312661442353E-022
   2.0921713797181221E-019
   0.0000000000000000     
  0.10450024371748354     
   9.1727231770218048E-002
 -0.30587336207066917     
 -0.11002887630097133     
 -0.30587336207066917     
 -0.11002887630097133     
   3.8423744699735441E-007
  -2.8512361017888647E-003
  -8.0327843268314851E-019
  -5.9029540706284729E-003
  -6.1903210771894913E-003
   2.0267753133829093E-002
   4.1743622553673105E-018
   6.1197885057691116E-002
  -1.5475499164937994E-002
  -9.9498257570514628E-005
  -7.3421024381598804E-003
  -1.1209626239130732E-003
  -1.3603502756292714E-018
  -9.9188719596303758E-019
  -1.0210534560167068E-002
   3.4368116972420580E-004
   1.5156025276340036E-002
   3.4368116972420580E-004
   1.5156025276340036E-002
  -6.5670299825015770E-006
   3.0580109339787946E-004
   0.0000000000000000     
   0.0000000000000000     
   5.6000891046093952E-002
  0.11986866605266067     
   5.6000891046093952E-002
  0.11986866605266065     
   6.4571316438879040E-011
   5.7334379166990621E-006
   1.2613112087508007E-021
   1.1067938016514818E-005
   2.5448182749410779E-006
  -2.5887557055676428E-003
  -5.7251227940636982E-019
  -9.3908662715335798E-003
  -3.9094255758469155E-003
   4.2091966274113433E-007
   1.5375667571992722E-005
   1.2945880584538180E-006
   2.1080198558490203E-021
   5.9269825804473312E-022
   6.5670299825015762E-006
   1.2421161532858150E-007
  -5.3624723646916424E-004
   1.2421161532858150E-007
  -5.3624723646916424E-004
   2.6743482344975987E-009
  -2.7196532282668735E-004
   0.0000000000000000     
  0.11653979159414751     
  0.16295372722986370     
  0.11653979159414751     
  0.16295372722986370     
   9.7438698706858739E-005
   4.9270273196032393E-003
   8.4394030109160727E-019
   1.0183961179199117E-002
  -3.4308315237462934E-003
   1.3785705113504382E-002
   2.8725128712294001E-018
   2.4000528554223882E-002
  -9.1553349039722540E-003
   1.1227603080214718E-003
   1.1160194859106961E-002
   1.0518872099960039E-003
   1.5832851355307292E-018
   1.9257942102150207E-019
  -3.0580109339788109E-004
   1.1192821009177922E-003
   9.7899791181022613E-003
   1.1192821009177920E-003
   9.7899791181022613E-003
  -2.7196532282668735E-004
   1.6011681333391280E-003
   0.0000000000000000     
   0.0000000000000000     
   0.0000000000000000     
   0.0000000000000000     
   1.5261819725142436E-007
   5.7115592153060058E-004
   4.0247488905977436E-004
   1.4016367000452845E-003
  -3.4576130463833603E-004
   1.7545334228344655E-002
   1.4034616290772945E-002
   4.9448131372630183E-002
  -1.5137792472868172E-002
   1.2842056710578520E-004
   9.3343241538567994E-004
   1.2459130872226768E-004
   4.3189688949260053E-004
  -1.1380972592572732E-004
  -3.4368116972420597E-004
   1.9468614776470875E-005
   8.3786858167010959E-003
   4.5912628621750653E-004
   2.5774327307034061E-002
   1.2421161532858098E-007
   1.1192821009177922E-003
   0.0000000000000000     
   0.0000000000000000     
   0.0000000000000000     
   1.4641503719586139E-003
   2.4054350519236850E-002
   5.8027517442331448E-003
   2.6030622617182649E-002
  -3.6703588589137477E-002
   6.4025787124054864E-002
   2.5028386696280071E-002
   9.8204116379360273E-002
  -5.0053236563266934E-002
   8.0719955944509505E-003
   3.4719931274599186E-002
   2.0888460568487845E-002
   7.0639120829414171E-003
  -6.9182574861109672E-003
  -1.5156025276340076E-002
   8.3786858167010959E-003
   4.2507083528878532E-002
   2.5774327307034058E-002
   7.6964922184157999E-002
  -5.3624723646916294E-004
   9.7899791181022613E-003
   0.0000000000000000     
   0.0000000000000000     
   1.5261819725142436E-007
   5.7115592153060047E-004
  -4.0247488905977453E-004
   1.4016367000452843E-003
  -3.4576130463833581E-004
   1.7545334228344655E-002
  -1.4034616290772937E-002
   4.9448131372630183E-002
  -1.5137792472868172E-002
   1.2842056710578496E-004
   9.3343241538567973E-004
   1.2459130872226771E-004
  -4.3189688949260015E-004
   1.1380972592572690E-004
  -3.4368116972420597E-004
   4.5912628621750653E-004
   2.5774327307034061E-002
   1.9468614776470875E-005
   8.3786858167010959E-003
   1.2421161532858150E-007
   1.1192821009177931E-003
   0.0000000000000000     
   1.4641503719586139E-003
   2.4054350519236843E-002
  -5.8027517442331335E-003
   2.6030622617182649E-002
  -3.6703588589137477E-002
   6.4025787124054864E-002
  -2.5028386696280033E-002
   9.8204116379360273E-002
  -5.0053236563266962E-002
   8.0719955944509522E-003
   3.4719931274599193E-002
   2.0888460568487852E-002
  -7.0639120829413919E-003
   6.9182574861109880E-003
  -1.5156025276340072E-002
   2.5774327307034064E-002
   7.6964922184157999E-002
   8.3786858167010942E-003
   4.2507083528878532E-002
  -5.3624723646916359E-004
   9.7899791181022613E-003
   0.0000000000000000     
   0.0000000000000000     
   0.0000000000000000     
 -0.33759992819195123     
  0.58501808647628206     
   0.0000000000000000     
   0.0000000000000000     
  -4.6369466643630092E-002
   8.0352445092701480E-002
   0.0000000000000000     
  -1.7188781801412978E-002
   1.7188781801412978E-002
  -2.1976674721453100E-017
   9.8526854759336427E-018
   1.1538036782466524E-002
  -2.2280307423615021E-002
  -1.8289438519529407E-002
  -2.2280307423615003E-002
  -1.8289438519529400E-002
   4.3148342568875897E-002
   3.4604675798986989E-002
   0.0000000000000000     
   0.0000000000000000     
 -0.16093820845059525     
  0.27886159567553848     
   0.0000000000000000     
   0.0000000000000000     
 -0.16454310868950453     
  0.28469711286166399     
   0.0000000000000000     
  -7.4925079010933024E-002
   7.4925079010932982E-002
  -4.6445691284442198E-017
   4.0928007506850211E-017
   5.1023472979182728E-002
  -8.0035474958763814E-002
  -7.0054594593598279E-002
  -8.0035474958763786E-002
  -7.0054594593598252E-002
  0.15658535019922898     
  0.13387222485392017     
   0.0000000000000000     
  -5.9765683450086260E-017
   4.3366490521545194E-017
   0.0000000000000000     
   0.0000000000000000     
  -4.1791792940860052E-017
   3.3708265893211711E-017
   0.0000000000000000     
  -1.7181404426713905E-017
   1.8048766164702309E-017
 -0.12376029146953080     
  0.45421174271914710     
   3.7472443679741150E-017
   9.9521118574347450E-002
   3.0764601806407048E-002
  -9.9521118574347422E-002
  -3.0764601806407072E-002
  -1.9081958235744903E-017
   1.0408340855860844E-017
   1.0842021724855044E-018
  -10.627305840213852     
   7.6662404951273674E-002
   6.8799583395827659E-018
  -5.2112146598349160E-002
  -1.5207082062854786     
   6.0916786806185376E-002
 -0.22195886389846803     
  0.34329755146840568     
   3.0972593472007394E-018
  -1.4464844125682842E-017
  0.51364386329810408     
  0.57605502314731072     
  0.43036735743793442     
  0.57605502314731016     
  0.43036735743793414     
 -0.68983563889845212     
 -0.40353053261008154     
   2.1684043449710012E-020
 -0.13268893930183634     
  -9.2019174261212875E-018
   1.5636559589029837     
   5.2112146598349174E-002
 -0.27049377185853751     
 -0.30459931355250441     
  0.25931269492385511     
  -1.9437904007419343E-017
  -2.8804189127036385E-018
 -0.30953062856769470     
  -5.2001588650802955E-002
  -8.9360880395440906E-002
  -5.2001588650802892E-002
  -8.9360880395440864E-002
 -0.63655343383184326     
 -0.53476777024053412     
   0.0000000000000000     
   0.0000000000000000     
 -0.13904065617910327     
  0.23990183992049163     
   0.0000000000000000     
  -3.3189193035934136E-002
   3.3189193035934129E-002
  -2.4439248849525520E-017
   1.5243004914699623E-017
   2.3193402291730215E-002
  -4.6094455593387894E-002
  -6.3186813870716244E-002
  -4.6094455593387887E-002
  -6.3186813870716230E-002
   8.9873825753254644E-002
  0.12174288252440682     
   0.0000000000000000     
  -1.1022856173803647E-017
   2.3768170208818968E-017
   0.0000000000000000     
  -5.5142979493716168E-018
   5.2974575148745159E-018
  -1.2405567004494637E-002
   8.0080078210806954E-002
   1.6340355425313293E-017
   4.8026760648740070E-002
   3.4120930420278271E-002
  -4.8026760648740056E-002
  -3.4120930420278292E-002
  -7.1557343384043246E-018
   1.7347234759768061E-018
   0.0000000000000000     
 -0.58198164999644875     
   3.3962028792786439E-002
  0.14552832245948816     
  0.19004776080506389     
   1.6271472603878101E-017
   7.6684622802549597E-018
  0.10553047608101176     
  0.29222616759853626     
  0.26626307162128077     
  0.29222616759853609     
  0.26626307162128060     
 -0.28089706258155223     
 -0.16138608593535331     
   0.0000000000000000     
 -0.21923076316774989     
 -0.28052399268111705     
 -0.13943377938325066     
  -4.7269069626187749E-017
  -1.6271472603878101E-017
 -0.20760519727862672     
  -8.0593817751645661E-002
 -0.13660350793115364     
  -8.0593817751645633E-002
 -0.13660350793115369     
 -0.34504694747203990     
 -0.33190011887084098     
   0.0000000000000000     
  -5.5279024645405628E-002
   5.5279024645405642E-002
  -1.2755735956698570E-016
   6.4463683248807682E-017
  -6.2926900524647847E-002
 -0.12946936274190021     
  -6.2486528383804724E-002
 -0.12946936274190024     
  -6.2486528383804724E-002
   7.7480355334416412E-002
   7.7924511560246185E-002
   0.0000000000000000     
   8.8605255458161572E-002
   2.2940765993270251E-017
   4.8065564098835668E-017
  -2.3643379535417064     
  -6.0002023919169672E-002
  -5.3580657573609872E-002
  -6.0002023919169645E-002
  -5.3580657573609837E-002
  0.57844645027517771     
  0.22769335764308135     
   0.0000000000000000     
  -6.3560126733321857E-017
  -3.4489144702684266E-017
   2.5261589495275709     
   1.3922604397220399E-002
  -4.3426182756981457E-002
   1.3922604397220390E-002
  -4.3426182756981457E-002
 -0.31201596964158934     
  -2.0644579205630710E-004
   0.0000000000000000     
  -2.1541399600114319     
   5.5290658618177151E-017
 -0.39518351803555252     
  -8.3932511206253932E-002
  0.39518351803555307     
   8.3932511206253849E-002
   6.5485811218124529E-017
   2.0816681711721685E-017
   0.0000000000000000     
  -1.0980489246103033E-016
   2.4600536298911131E-002
   2.9078350823491576E-002
  -2.4600536298911117E-002
  -2.9078350823491597E-002
   4.5102810375396978E-017
   7.2641545556528797E-018
   0.0000000000000000     
 -0.30587336207066956     
 -0.11002887630097131     
 -0.30587336207066912     
 -0.11002887630097138     
  0.10450024371748351     
   9.1727231770218048E-002
   0.0000000000000000     
   0.0000000000000000     
   0.0000000000000000     
   0.0000000000000000     
   5.6000891046093980E-002
  0.11653979159414754     
   0.0000000000000000     
   0.0000000000000000     
   0.0000000000000000     
  0.11986866605266067     
  0.16295372722986368     
   0.0000000000000000     
   0.0000000000000000     
   5.6000891046093945E-002
  0.11653979159414751     
   0.0000000000000000     
  0.11986866605266064     
  0.16295372722986362     
   0.0000000000000000     
   0.0000000000000000     
   0.0000000000000000     
