   0.0000000000000000     
   0.0000000000000000     
  0.46223202618423548     
   0.0000000000000000     
   5.6430297033588980E-017
   0.0000000000000000     
   6.3487689287812704E-002
   0.0000000000000000     
   7.5845169938837836E-018
   3.2930205746609528E-018
   0.0000000000000000     
  -3.2930205746609528E-018
   1.5720931501039814E-018
  0.19134653377484356     
  -5.1709929160953590E-018
   5.6351617271997370E-022
   1.2957254555762155E-018
   1.3519347564967995E-002
  -1.1001455811518675E-019
  -2.8435023775531546E-018
   3.8210492943404426E-018
   4.3842547393058325E-002
  -3.2873530152322957E-019
  -5.5809736393357394E-018
   3.7817805067250306E-019
   3.2790625395008818E-019
   1.0285178910510419E-017
   6.7762635780344027E-020
  -7.6487659536897554E-002
   7.0402136970619851E-019
  -3.0936023737707583E-023
  -5.6160750746802732E-019
   1.0048450746385853E-003
   1.1357419374089808E-018
  -3.7814174290540142E-019
  -1.1402885861528211E-018
   1.3071908676707258E-002
   2.2802968163893869E-018
   5.5611649882959476E-019
  -1.7148547012863611E-020
  -1.3727133932959120E-018
  -1.7543530686223276E-019
  -3.2308680362509165E-004
   6.6100523671027778E-004
   8.8322778031035632E-019
  -3.1044492335438787E-022
  -4.7175547555510505E-020
  -9.0129535490536001E-006
   1.9252168237118069E-003
   9.0129535490536001E-006
  -1.9252168237118080E-003
  -3.8465977922157263E-023
  -1.3464705823326002E-018
   1.0048450746385849E-003
  -2.8028049356478159E-018
  -1.4201178248168820E-018
  -3.0972759693921505E-018
   1.3071908676707256E-002
  -5.9552476882911745E-018
  -2.2868632105230749E-018
   2.1006670707163229E-020
  -2.6334207347479892E-018
  -7.9363028851440414E-019
   3.2308680362509175E-004
   6.6100523671027811E-004
  -2.0160466984742502E-018
   9.0129535490536018E-006
  -1.9252168237118088E-003
  -9.0129535490536052E-006
   1.9252168237118069E-003
  -4.6057416506952566E-021
  -9.2157184661267858E-019
   0.0000000000000000     
  0.21169064842733326     
   0.0000000000000000     
   2.6253864388784305E-017
   0.0000000000000000     
  0.18469257268178238     
   0.0000000000000000     
   2.6231552698353747E-017
   1.4044688565701323E-017
   0.0000000000000000     
  -1.4044688565701323E-017
   4.1199682554449168E-018
  0.77943180981589133     
  -2.1631446058334963E-017
   8.2752718917809410E-019
   6.2928393669048442E-018
   1.6054628412766097     
  -1.6274548849380958E-018
  -6.7107050878443864E-018
   1.0696078701189674E-017
  0.57165305995631099     
  -4.8785328826445943E-018
  -1.1180073495814964E-017
   5.4738791363187821E-018
   5.7562715103400559E-018
   1.0837403916120120E-017
  -4.6078592330633938E-019
 -0.77536775346799380     
   4.4989023997267906E-018
  -1.5900276261322055E-019
  -2.2804396044198049E-018
 -0.15160222253385333     
   3.9808758389548592E-018
  -1.6038229507327867E-019
  -3.9975679796258410E-018
  -4.2402111339718690E-002
   7.9388429879860477E-018
   3.3943244124466621E-018
  -7.8847305231499927E-019
  -4.9748801729642201E-018
  -5.1818536725717949E-019
  0.12343746898601933     
  -7.0777333462307454E-002
   6.2218357061533952E-019
  -1.0421278232159049E-020
  -1.4486099951434426E-019
  -1.1612431736949964E-002
  -2.0015391246878747E-002
   1.1612431736949964E-002
   2.0015391246878747E-002
  -9.4863582574490281E-019
  -6.1685200952304836E-018
 -0.15160222253385333     
  -5.2263609256988668E-018
   2.8900277922009934E-017
  -6.4064668081290395E-018
  -4.2402111339718697E-002
  -1.1598662450425260E-017
   2.7203869010910427E-018
  -1.4540211764789297E-017
  -1.0985836076837992E-017
   1.1144739542095894E-017
 -0.12343746898601933     
  -7.0777333462307440E-002
   1.9566908918392707E-017
   1.1612431736949959E-002
   2.0015391246878737E-002
  -1.1612431736949962E-002
  -2.0015391246878740E-002
   2.7647155398380363E-018
   2.9815559743351377E-019
  -3.5569518660401921E-034
  -6.2883726004159257E-018
   10.690738575794406     
  -9.0243719623459992E-002
   7.9060289938702864E-018
  -2.3310346708438345E-018
   1.8377233809021210     
  0.15879348965924694     
  -3.5421743712960377E-002
 -0.34668104469286098     
   1.9721771949092625E-018
   3.3036964468164178E-017
  -2.6020852139652106E-018
   2.4684197189684062E-002
  0.47824764671464720     
   2.9317458545758982E-018
  -1.3010426069826053E-018
 -0.18876067000524446     
  0.98983646987385721     
   7.3737537404030224E-018
  -2.6020852139652106E-018
  -1.0356031245193593     
  0.62448530850729478     
  0.21672952511207463     
   1.9722543263875576     
  -1.2347767903439340E-018
  -7.8221316278560042E-018
   3.4694469519536142E-018
  -3.0912218397685632E-003
 -0.18799640152940850     
  -1.0456108253174719E-018
  0.34875776100278894     
  -2.8112667979800544E-002
 -0.34183248184387865     
  -1.8688460801509703E-019
  0.62730740382837602     
  0.13919357891937428     
  -8.9418960065433192E-002
 -0.41623289127572682     
  -2.4777162481200297E-002
   2.0508391969479039E-018
  -3.9543909896491621E-019
  0.19191574197352118     
   4.0529640114052709E-003
  -1.6204274850034468E-002
  -1.6152243169654877E-002
 -0.17897802525721090     
  -1.6152243169654881E-002
 -0.17897802525721093     
  -3.0912218397685627E-003
 -0.18799640152940852     
  -9.0650635111580382E-018
 -0.34875776100278894     
  -2.8112667979800509E-002
 -0.34183248184387865     
  -6.8571181246096070E-017
 -0.62730740382837602     
  0.13919357891937428     
  -8.9418960065433206E-002
 -0.41623289127572688     
  -2.4777162481200314E-002
  -6.3222128348413463E-017
   3.0497389041252174E-018
 -0.19191574197352124     
  -1.6152243169654877E-002
 -0.17897802525721093     
  -1.6152243169654860E-002
 -0.17897802525721088     
   4.0529640114052709E-003
  -1.6204274850034464E-002
   0.0000000000000000     
  -2.2671699381386583E-017
   0.0000000000000000     
   8.6736173798840355E-019
   0.0000000000000000     
  -1.9777902083999498E-017
  -1.0952475556726306E-017
   0.0000000000000000     
   1.0952475556726306E-017
  0.10484161034137909     
  -8.4703294725430034E-019
   5.6289726630768749E-017
  -2.0775161057099907E-020
  -1.5414683645976642E-018
   1.2197274440461925E-019
   4.3076033073978604E-018
   2.0873787016644672E-018
  -5.8935167807744887E-018
   3.4694469519536142E-018
   1.1792337309703002E-017
   8.0606476395079503E-018
  -1.3247545902205570E-018
  -3.7416521853243247E-018
  -5.8448576284316563E-018
  0.35619148529477607     
   1.4094628242311558E-018
  -1.2113522748756031E-017
  -3.1917337857882340E-019
  -2.5568422818396768E-018
 -0.29082645337116736     
   3.0949163174488151E-018
  -6.0430782542211591E-019
   2.7368923499467970E-020
  -8.4873244292694217E-002
  -3.3093356774820185E-018
  -3.2657262491592284E-019
  -9.4212132790396429E-019
  -4.5820562544874798E-018
  -9.0384593107877543E-019
  0.17989740189412370     
 -0.13457763125590466     
   1.5820706231673796E-018
  -2.0935650879995505E-020
  -8.2088165994836062E-020
  -2.0401640580511821E-002
  -2.6665806397112482E-002
   2.0401640580511821E-002
   2.6665806397112485E-002
   2.0082202056189146E-018
   1.0128589829829639E-017
  0.29082645337116725     
   7.4593682468930908E-018
  -5.2012367510853542E-017
   6.8073550436849777E-018
   8.4873244292694203E-002
   7.7928191036575731E-018
  -1.6005132636467468E-017
   2.2145412746315464E-017
   1.0329160439678949E-017
  -2.1408659663593937E-017
  0.17989740189412370     
  0.13457763125590469     
  -2.6963878808525300E-017
  -2.0401640580511818E-002
  -2.6665806397112468E-002
   2.0401640580511811E-002
   2.6665806397112482E-002
  -6.3696877633523385E-018
  -5.5836411883003478E-018
  -3.4666738998970088E-034
  -1.2138395976385251E-017
  -1.3613914991171578     
   5.4412950834213457E-018
  -7.9060289938702864E-018
  -2.0069452634827868E-017
  -3.5991064431886676E-017
   2.5934978789296154E-017
   3.4694469519536142E-018
  0.70680250823490698     
  -1.9721771949092625E-018
   1.4817053592565377E-018
   7.9943267892328750E-018
   2.5509080268844291     
  -1.7479223143308200E-018
  -6.1773581260004734E-018
   8.3924281284037685E-019
   6.5585565668478570E-003
   8.4883327698230414E-019
   1.2065188787699695E-017
   5.5730478917475754E-018
   4.8182481722712511E-018
   1.8143658717341040E-018
   1.3010426069826053E-018
 -0.14375059759012168     
   1.3460825329563031E-018
   1.1137682281741548E-019
   7.1193821375822090E-019
  -1.1506513070554588E-002
  -1.6554350720094742E-018
  -2.2709062252127998E-018
  -1.1136766521165162E-019
 -0.39683035465579003     
  -6.1306057228780144E-020
  -6.9764245584520297E-018
   2.6790160109473349E-019
   2.8901769026545234E-018
  -1.1659333350686336E-018
   8.5067970789292499E-002
 -0.10428487748770866     
   3.4980120991096165E-018
  -4.1447100664854644E-020
  -7.0730352805565456E-019
   7.5371759673363353E-003
  -7.1527854461759174E-002
  -7.5371759673363362E-003
   7.1527854461759174E-002
   1.3741258065604081E-018
   3.6702193534491370E-017
  -1.1506513070554576E-002
   6.0918413897852688E-017
  -1.0440336999588422E-018
   4.9870259560809629E-017
 -0.39683035465579003     
   9.4565057337606491E-017
   3.5052571102896334E-017
  -9.8488349675402544E-018
   7.6190608602563980E-017
   2.3463490290622666E-017
  -8.5067970789292485E-002
 -0.10428487748770866     
   4.5786011775330078E-017
  -7.5371759673363292E-003
   7.1527854461759174E-002
   7.5371759673363344E-003
  -7.1527854461759174E-002
  -4.8789097761847738E-019
   1.8539857149502126E-017
   0.0000000000000000     
   6.8347096529452561E-002
   0.0000000000000000     
   1.8616034742936679E-017
   5.7055835508077232E-018
   0.0000000000000000     
  -5.7055835508077232E-018
   2.8731357570865868E-018
  0.30217915936583711     
  -8.8408977768857952E-018
   6.0892580170800101E-019
   3.5630495092463180E-018
   1.2361597179171646     
  -1.0664616533214929E-018
  -1.8899918062942464E-018
   6.7687771068486437E-018
  0.44453443132698034     
  -4.2073170913895884E-018
  -4.5035095238924413E-018
   3.9779727875579263E-018
   4.2486125213467316E-018
   4.4393087991278813E-018
   5.4210108624275222E-019
 -0.21701860816352081     
   1.6912029511013711E-018
  -2.5902968334696769E-019
  -1.7754176879337991E-018
 -0.26898556299985599     
   2.0098281607477868E-018
   4.8872032519696428E-019
  -3.0245279043035657E-018
 -0.10557953579993216     
   5.4832104514993699E-018
   3.4251055402118222E-018
  -9.2741477301740881E-019
  -2.5104593094184845E-018
  -7.6706124938822160E-019
   7.1903755068652778E-002
  -5.4350681129551270E-002
  -4.7339240945934917E-019
  -2.9323598841437246E-020
  -1.3025302313571395E-019
  -3.8409326428730253E-002
  -4.3496814797426300E-002
   3.8409326428730246E-002
   4.3496814797426273E-002
  -2.0205986327753817E-018
  -8.5531273172029347E-018
 -0.26898556299985593     
   2.4542310134233353E-018
   5.7022520331009970E-017
  -2.9400680954353208E-018
 -0.10557953579993212     
  -1.3474617297871907E-019
   2.2844459778876430E-017
   2.9952371066083811E-018
   1.7094716321114241E-018
   4.0934387305871824E-019
  -7.1903755068652764E-002
  -5.4350681129551270E-002
   1.3244798568680656E-017
   3.8409326428730246E-002
   4.3496814797426259E-002
  -3.8409326428730260E-002
  -4.3496814797426286E-002
   9.3783487919996134E-018
   6.1799523831673753E-018
   0.0000000000000000     
  -1.5612511283791264E-017
  0.79722629354091457     
  -5.3509371458632819E-002
   4.5395138772543815E-002
 -0.38422458247318958     
   1.0956253050066200E-017
   5.6362768927998691E-018
  -8.6736173798840355E-019
   4.7331025895043032E-002
  0.32116475101255337     
   5.3003521965595607E-019
   4.3368086899420177E-019
   1.0255493571219663     
  0.50203791456069191     
   7.4015685048078104E-019
   6.0715321659188248E-018
   6.7407017426404800E-002
  0.52972633064818653     
  0.26467924912684282     
  0.36739324638827464     
   3.1823755198696827E-019
   6.2667868096287975E-019
  -2.6020852139652106E-018
  -1.3140834867215885E-002
 -0.12310070617224661     
  -7.7567819907613406E-019
  0.15788303995138289     
  0.38345799425145172     
 -0.20352756524622165     
  -4.3966346185165832E-019
  0.30589664219922658     
  0.22422296393786406     
 -0.13562756741809187     
 -0.20709364984158882     
   2.4620675268341333E-002
   9.8579258704664414E-019
   6.0122381273439843E-021
  -4.5818683717075433E-002
   4.0597525436747828E-002
   1.8779198410224102E-002
  -9.1231932767013024E-002
 -0.18160750459758465     
  -9.1231932767013024E-002
 -0.18160750459758465     
  -1.3140834867215876E-002
 -0.12310070617224660     
   4.7523571617252849E-017
 -0.15788303995138289     
  0.38345799425145177     
 -0.20352756524622159     
  -1.2184781349907613E-017
 -0.30589664219922658     
  0.22422296393786403     
 -0.13562756741809187     
 -0.20709364984158884     
   2.4620675268341313E-002
  -1.1659642444405281E-017
   3.2047909270175003E-017
   4.5818683717075440E-002
  -9.1231932767013066E-002
 -0.18160750459758473     
  -9.1231932767013010E-002
 -0.18160750459758468     
   4.0597525436747828E-002
   1.8779198410224088E-002
   0.0000000000000000     
  -1.5601394017095532E-017
  -3.3962785192205462E-018
   0.0000000000000000     
   3.3962785192205462E-018
  -1.6581825519232200E-002
   2.1091120386632078E-018
   1.1992838521440132E-017
  -1.2621487005798194E-020
  -6.0816793157228781E-019
  -3.7269449679189215E-020
   2.1228374904572237E-018
   3.7613901178481222E-019
  -3.3113297014429573E-018
   1.0842021724855044E-018
   8.4682370253968713E-018
   3.3569441871778849E-018
  -7.6457131600518364E-019
  -2.2203989142989207E-018
  -1.0781785458127911E-018
  0.24066806062571089     
   2.5749801596530730E-019
  -2.5180475562948744E-018
  -5.1364431802633757E-019
  -1.8282166536266689E-018
 -0.50385469328874410     
   1.2611659768978368E-018
   6.1500816115871464E-019
  -4.6052439238086776E-019
 -0.18014601454942478     
  -2.6429807633985285E-018
   2.4602526633599546E-019
  -1.3305414665817966E-018
  -2.0262352265889373E-018
  -1.0381328256419306E-018
   5.5234428640551662E-002
 -0.10318086789029815     
  -3.5745219302809669E-019
  -6.8107440230331349E-020
  -1.1697900497545349E-019
  -6.9408509658624981E-002
  -6.4288889451469586E-002
   6.9408509658624981E-002
   6.4288889451469600E-002
   6.1352652170631325E-019
   1.4090242271670649E-017
  0.50385469328874399     
  -3.3289347551060706E-018
  -1.1017121166446832E-016
   5.7605964365420506E-018
  0.18014601454942478     
   2.4113504218391835E-018
  -4.8905873456854992E-017
   1.7435842476203915E-017
   7.9672741792190761E-018
  -1.4570786064778007E-017
   5.5234428640551649E-002
  0.10318086789029814     
  -1.2599709266840673E-017
  -6.9408509658624995E-002
  -6.4288889451469530E-002
   6.9408509658625009E-002
   6.4288889451469600E-002
  -2.2768245622195593E-017
  -1.7347234759768071E-017
   0.0000000000000000     
  -1.0822866377626841E-017
  -3.2093366489759042E-017
  -1.3801579054820920E-017
  -4.3368086899420177E-018
   3.6132681701728717E-002
  -1.0956253050066200E-017
   4.8804923684791421E-019
   1.2803519199236369E-018
  0.83611773477199181     
  -3.3867887636584321E-019
   2.4011264933584341E-018
  -2.6008685543855115E-018
 -0.12967185455515204     
   2.7293550371642248E-018
   1.4073429326430751E-017
   2.2959057621386551E-018
   1.0562441238062624E-018
  -3.9483569138658215E-018
   1.3010426069826053E-018
  0.38800491176276564     
  -1.9825344423221265E-018
  -1.1262947534569272E-019
  -1.1626579833133896E-018
 -0.20402092602935115     
   1.2752407939124266E-018
  -2.5797932092658484E-018
  -2.3983672877774707E-018
 -0.32345566794068598     
   4.2362085625957187E-018
  -7.1127016390576724E-018
  -5.1370838362656499E-019
  -1.5159183394514087E-018
  -9.4030473663186537E-019
  0.12296304288186038     
 -0.15765709040337098     
   3.0084598612202443E-018
  -3.2949006209232637E-019
  -1.3128310014829246E-018
  -1.2375049126039412E-002
  -7.5947116613539908E-002
   1.2375049126039416E-002
   7.5947116613539895E-002
   2.6551937371849094E-018
   2.4091501374438856E-017
 -0.20402092602935107     
   2.7227955105201334E-017
  -4.2109868050430206E-017
   3.0688345543161531E-017
 -0.32345566794068581     
   4.8239231665959704E-017
  -3.3330129708781937E-018
  -2.1769149181881812E-017
   5.1250916570675584E-017
   3.0831862424984317E-017
 -0.12296304288186040     
 -0.15765709040337095     
   1.9868515671638916E-017
   1.2375049126039418E-002
   7.5947116613539922E-002
  -1.2375049126039393E-002
  -7.5947116613539908E-002
   4.7704895589362164E-018
   1.4745149545802863E-017
   0.0000000000000000     
  -1.4906151881906808E-017
  -1.0556023053653103E-017
   8.6736173798840355E-018
   2.9922687296851764     
  -1.0376948924927816E-017
   3.3680559869825746E-020
   1.5728976210668096E-018
  0.39867741469193052     
  -1.5929635089645700E-019
  -1.8718411985244476E-018
   2.7951848695974104E-018
  0.60902855367609499     
   3.1937043912292772E-019
  -8.0900283785534416E-019
   4.0402724236006967E-018
   1.0148342178839056E-018
   2.8974548651374819E-018
   4.3368086899420177E-019
 -0.87815756094114472     
   1.0949365784406019E-019
  -9.8270935129282786E-021
  -1.2469312828244243E-018
  -9.8463916223856557E-002
   2.2193696707156049E-018
  -5.4168246878531415E-019
  -2.9560551001388388E-018
 -0.13726066034943438     
   5.8707817460958646E-018
   1.8534865494112804E-019
  -6.6187671212015302E-019
  -2.4670414267975612E-018
  -3.6244734629033626E-019
  0.18117068981152998     
  -4.6592859674220173E-002
   1.0946610816831642E-018
  -6.4942795014984957E-021
  -3.1620339508742885E-019
  -9.6899950618027017E-003
  -5.0737126357818643E-002
   9.6899950618027017E-003
   5.0737126357818643E-002
   5.7687358812254530E-019
   2.6515687671234823E-017
  -9.8463916223856557E-002
   4.3561824044685478E-017
  -5.1102576387801294E-018
   1.0519057784167677E-017
 -0.13726066034943440     
   2.2931164229846531E-017
  -1.4768492585800140E-017
  -5.8619625657188071E-018
   6.5484405773248117E-017
  -4.0319838647382656E-019
 -0.18117068981153001     
  -4.6592859674220173E-002
   2.3576490544523152E-017
   9.6899950618027104E-003
   5.0737126357818629E-002
  -9.6899950618027000E-003
  -5.0737126357818643E-002
  -4.6078592330633938E-019
  -6.5052130349130266E-019
   0.0000000000000000     
  -1.4906151881906808E-017
  -4.7704895589362195E-018
  0.42718136148647451     
  -4.5204578001229205E-017
   4.6661565944212997E-020
   3.1500788759823213E-018
  0.16201583028370434     
  -1.8790247045613719E-018
  -4.1734171479083913E-018
   1.0726284983283200E-017
  0.16152063593670823     
  -1.0134987805680388E-017
  -1.4279794387195455E-017
   2.6985924144592987E-018
   8.0058294008902673E-018
   1.0704363065976414E-017
   1.2197274440461925E-018
 -0.25439039816150871     
   7.8409143209211168E-018
  -3.8389658682584150E-019
  -3.0878681385857651E-018
 -0.35027371986257760     
   4.5389598346630294E-018
  -1.0686170751019383E-018
  -3.9734899982002585E-018
 -0.11959886300797540     
   7.8582910197034102E-018
   2.8958300836514510E-018
  -1.1892965882829075E-018
  -5.1178812151890149E-018
  -1.0537076361180083E-018
  0.26342804625233396     
 -0.22135632518343204     
   2.3609706024881299E-018
  -2.8796794305561092E-020
  -1.6089250810458365E-019
  -1.9509734470535924E-002
  -3.5579481850343334E-002
   1.9509734470535924E-002
   3.5579481850343334E-002
  -2.1668604498487076E-018
  -4.0979926292650551E-018
 -0.35027371986257755     
  -3.5718440330946107E-018
   6.4075865087590668E-017
  -5.4615108086911454E-018
 -0.11959886300797538     
  -3.9518990628303377E-018
   2.1429133286633935E-017
  -5.9435411377989278E-017
  -7.6954814594175555E-018
   3.8739602751658141E-017
 -0.26342804625233390     
 -0.22135632518343196     
   4.1431319640083160E-017
   1.9509734470535927E-002
   3.5579481850343334E-002
  -1.9509734470535924E-002
  -3.5579481850343334E-002
   7.3996798272135678E-018
   7.7520455332713567E-018
   0.0000000000000000     
   2.7105054312137611E-018
  -1.9905334503680736     
   1.5304393772138147E-017
   2.6633715986588102E-018
   9.3089059478229309E-018
   4.3773556465269978     
  -2.1092995614436466E-018
  -6.1740694866533197E-018
   7.4659045283488720E-018
  0.76420258155514298     
  -2.5999865026316901E-018
  -4.6607785648274517E-018
   6.6678934388791756E-018
   5.3993194269545493E-018
  -7.9769697957552307E-019
   2.1684043449710089E-018
 -0.71550515486880883     
   1.3035339132143249E-018
  -6.3460069560878883E-020
  -8.6959937602793092E-019
   1.1791512558969028E-002
   1.7229511848973490E-018
   1.9351164869506173E-018
  -2.0294605073814985E-018
  0.11334007505961441     
   4.0350191195111580E-018
   5.1465326835863328E-018
  -2.2238527990298657E-019
  -2.4369061697246770E-018
   3.3871537910893714E-019
  -7.8467459944515205E-002
   5.6240443193323469E-002
  -3.9124131520092446E-018
   5.4689119283118110E-021
   1.4143125939435949E-019
  -2.6693685180902297E-003
   2.7041618359429528E-002
   2.6693685180902297E-003
  -2.7041618359429531E-002
  -1.1766421616428076E-018
  -1.9461686067102089E-017
   1.1791512558969012E-002
  -4.1234337897368419E-017
   1.7093388319320024E-017
  -1.7570038672963647E-017
  0.11334007505961440     
  -3.4273776325402263E-017
   6.0381119567322988E-018
   7.8021881896705634E-018
  -6.5096572985732007E-017
  -3.7362141534607029E-018
   7.8467459944515275E-002
   5.6240443193323483E-002
   4.5300038908814032E-018
   2.6693685180902106E-003
  -2.7041618359429538E-002
  -2.6693685180902180E-003
   2.7041618359429531E-002
   7.6571778431788751E-019
  -4.2825985813177425E-018
   0.0000000000000000     
  -1.0624413204274659E-017
   2.2901796638934790     
   0.0000000000000000     
   4.3368086899420177E-019
  -7.2844267495958284E-019
  0.20993507923805979     
  -1.0842021724855044E-018
   1.3010426069826053E-018
  -4.3572721764220967E-018
  0.40387965383120855     
  -8.6736173798840355E-019
  -1.0842021724855044E-019
  -8.6736173798840355E-019
   2.1684043449710089E-018
   5.6785601657633569E-018
   2.7373299822832677E-018
 -0.56409705739681115     
  -5.0380527639045398E-003
 -0.17250157222681051     
  -1.5581954969362014E-018
  0.24833410745848650     
   2.4148066505215914E-002
 -0.11166584407034173     
  -1.4301799707077999E-018
   8.7022657166749423E-002
   8.1683620759441841E-002
 -0.16071713813893551     
 -0.34700881625504448     
   1.2655420261472311E-002
   3.0904541664619839E-018
  -9.2002651462890711E-019
  0.13116115771163109     
   5.7292513039806691E-003
  -1.4237351032909326E-003
  -1.9607096521781435E-002
  -7.0382742758268488E-002
  -1.9607096521781435E-002
  -7.0382742758268502E-002
   5.0380527639045415E-003
  0.17250157222681051     
  -2.7001268878978115E-017
  0.24833410745848639     
  -2.4148066505215917E-002
  0.11166584407034173     
   4.7631824963109762E-018
   8.7022657166749423E-002
  -8.1683620759441827E-002
  0.16071713813893551     
  0.34700881625504448     
  -1.2655420261472356E-002
   2.9460088624938243E-017
  -3.9400594174638914E-017
  0.13116115771163109     
   1.9607096521781421E-002
   7.0382742758268516E-002
   1.9607096521781414E-002
   7.0382742758268502E-002
  -5.7292513039806691E-003
   1.4237351032909316E-003
   0.0000000000000000     
   9.7578195523695399E-018
   6.0421245566659024E-002
  0.64172849164463586     
   5.3501121709725304E-018
   1.0842021724855044E-018
  0.59487691058043179     
  0.39066789714883038     
   3.3691064827409005E-018
   0.0000000000000000     
  0.41292802847914484     
   1.0386186987693586     
  0.29164363080800487     
  0.26861599694878552     
  -1.7298484580052270E-018
  -6.2534371003708327E-018
   2.6020852139652106E-018
   3.0015270180172257E-003
   8.5207544718065464E-002
   5.0178924584161483E-019
 -0.16127264496210805     
 -0.10902499698081124     
  -6.6803449340660072E-003
  -5.3951378365693881E-019
   1.1651331714528014E-002
 -0.26520630639911635     
   3.0052801795527540E-002
  0.27725854261653965     
  -5.9082481262958883E-002
  -1.4927552205083959E-018
  -1.0195228956031945E-018
   7.1287379492989217E-002
  -2.7155935996913570E-003
  -2.8706944941995809E-002
   1.3780534814167295E-002
   3.5228414248466192E-002
   1.3780534814167295E-002
   3.5228414248466192E-002
   3.0015270180172278E-003
   8.5207544718065464E-002
   1.1872778301292211E-017
  0.16127264496210805     
 -0.10902499698081122     
  -6.6803449340660072E-003
   1.9413208008709579E-017
  -1.1651331714528014E-002
 -0.26520630639911641     
   3.0052801795527519E-002
  0.27725854261653965     
  -5.9082481262958890E-002
   5.7179369470538798E-017
   7.9691477582525648E-018
  -7.1287379492989258E-002
   1.3780534814167297E-002
   3.5228414248466185E-002
   1.3780534814167281E-002
   3.5228414248466185E-002
  -2.7155935996913561E-003
  -2.8706944941995809E-002
   0.0000000000000000     
  -6.1740037797522397E-020
  -2.1843615172980703E-018
   0.0000000000000000     
   7.0937569900168660E-018
   1.9489976012596328E-018
   1.0835875792240378E-018
   3.4694469519536142E-018
  -3.8812006299035140E-019
  -9.0929344495664842E-018
  -1.8522782386353639E-018
  -3.9182178659915482E-018
  -7.1195780963668667E-020
  0.64532944638242762     
  -1.5178830414797062E-018
  -7.6939736330111999E-018
   2.5869213966639618E-019
   9.7571103966380552E-019
  0.12956263133864951     
  -1.7405553238382918E-018
  -2.5567942453874331E-018
  -6.1446759858895740E-019
  -6.6675714340021508E-002
   1.5530737236732071E-018
   5.1758347908568358E-019
   5.3466037848199518E-019
   3.4561668097632993E-018
  -2.0965454497969580E-018
  -2.8219021833201574E-002
  -8.5414647002682642E-002
   4.0852564301730415E-018
  -6.6596322762894636E-020
  -3.3188402416277116E-019
   1.4671683707154262E-002
  -6.3880094537582047E-003
  -1.4671683707154262E-002
   6.3880094537581986E-003
  -1.9214407084254497E-018
  -2.3976947236844930E-017
 -0.12956263133864951     
  -4.2185555021122158E-017
   4.1327024394843264E-017
  -1.3617598233819990E-017
   6.6675714340021508E-002
  -1.1407536976735912E-017
   1.3805038078696141E-017
  -9.1701492705729004E-018
  -6.3750136775146419E-017
  -8.6556628198715568E-018
  -2.8219021833201553E-002
   8.5414647002682642E-002
  -7.0284937325693437E-018
   1.4671683707154297E-002
  -6.3880094537581908E-003
  -1.4671683707154277E-002
   6.3880094537581830E-003
   1.5178830414797070E-018
  -3.1441863002079605E-018
   0.0000000000000000     
   0.0000000000000000     
  -1.7004861068246522     
   0.0000000000000000     
   2.4228361799615349E-017
   0.0000000000000000     
 -0.18917824342439959     
   0.0000000000000000     
   2.7170859108915004E-018
   4.6992610745628684E-019
   0.0000000000000000     
  -4.6992610745628684E-019
  -4.3368086899420177E-019
   5.7691750003454174E-002
  -3.4267649405010707E-019
  -2.2549619198065208E-035
  -5.8227613176789206E-022
  -1.2104969296500148E-005
   1.3054773789208849E-021
  -1.9841833435176770E-021
  -8.4129339677025934E-020
  -3.9562176827354209E-003
   1.6810679067860790E-019
  -2.0489169835702634E-019
  -1.2666525356103426E-024
  -1.1495400814097271E-022
  -2.4565844046286956E-022
   1.4051781321946460E-006
  -2.1241470685663209E-006
   2.8351832125198504E-022
  -1.5539368924272592E-023
  -4.1495851278127214E-020
  -1.2251858579192424E-009
  -3.1676871442368768E-004
   1.2251858579192424E-009
   3.1676871442368762E-004
   3.8838516423301530E-034
   3.3256222571990893E-021
  -1.2104969296500150E-005
   7.4813171250025286E-021
   1.1300765434060434E-020
   4.0546161196044888E-019
  -3.9562176827354200E-003
   7.9825836869820057E-019
   1.2719287235613256E-018
  -1.8902417198284540E-022
   7.0606273043411406E-022
   1.6223241632713933E-021
  -1.4051781321946460E-006
  -2.1241470685663205E-006
   1.8517155837665517E-021
   1.2251858579192426E-009
   3.1676871442368768E-004
  -1.2251858579192426E-009
  -3.1676871442368768E-004
   2.3822801641527206E-022
   5.3193669087570090E-019
   0.0000000000000000     
 -0.77142083158374630     
   0.0000000000000000     
   1.0928057675818010E-017
   0.0000000000000000     
 -0.69008135161087492     
   0.0000000000000000     
   9.7381030318420445E-018
   4.8059473423259373E-018
   0.0000000000000000     
  -4.8059473423259373E-018
  -3.4694469519536142E-018
  0.57492546091161578     
  -3.4243527738603457E-018
  -4.4243850726758498E-024
  -4.2617131658002651E-020
  -2.2443644332519881E-003
   7.5856601784780283E-020
  -8.6096591400284044E-020
  -6.4368000869469339E-019
  -4.5167858888545576E-002
   1.1654439984938462E-018
  -1.1680631807546751E-018
  -2.7495597561613916E-021
  -3.7266542118796578E-020
  -5.1061972702123397E-020
   1.7769721934097244E-003
  -2.0241603654842602E-003
   6.7499108543406829E-020
  -2.4565642088853134E-021
  -2.5536948898719955E-019
  -7.5442269409454103E-006
  -5.3580371704875585E-003
   7.5442269409454103E-006
   5.3580371704875585E-003
   3.5041697686862665E-023
   6.2672256276751087E-019
  -2.2443644332519881E-003
   1.1573371680413158E-018
   1.3092345984511834E-018
   4.8430209271942468E-018
  -4.5167858888545576E-002
   8.3508653661929848E-018
   1.0519613516148019E-017
  -2.0881083172576189E-019
   8.0182323004778626E-019
   9.1018205707071756E-019
  -1.7769721934097244E-003
  -2.0241603654842602E-003
   1.3703288731213067E-018
   7.5442269409454095E-006
   5.3580371704875585E-003
  -7.5442269409454103E-006
  -5.3580371704875594E-003
   6.6068569885835426E-020
   4.8518047218726331E-018
   2.8652037692188338E-049
   4.3368086899420177E-018
   46.048469101160997     
  0.29214289341204985     
   2.4174031904553967E-018
   2.1684043449710089E-019
   5.4319669210789270     
 -0.80470583592261435     
  0.37056054426323026     
  0.36095597594326134     
  -3.4431363116301007E-019
   1.4482496909443372E-017
   1.0842021724855044E-019
  -5.6649590058892490E-008
  -3.2799179336682827E-003
  -1.5023975909846881E-020
   6.1762668752003893E-003
  -7.7334349925763535E-003
 -0.18223565814174045     
  -1.6424284096021805E-019
  0.35019018761707771     
 -0.41735529379323688     
  -4.2343965757752825E-004
  -2.0595912128135007E-003
  -2.5884980718736046E-003
   1.1549074311547624E-020
  -1.4724217853940893E-020
   3.6473191100649710E-003
  -1.2464094790084554E-004
  -8.5797686300490575E-002
  -8.2508125597590179E-006
  -3.1280615325506383E-002
  -8.2508125597590179E-006
  -3.1280615325506383E-002
  -5.6649590058892503E-008
  -3.2799179336682827E-003
  -3.7160817190838633E-019
  -6.1762668752003893E-003
  -7.7334349925763501E-003
 -0.18223565814174045     
  -3.9035765058984091E-017
 -0.35019018761707771     
 -0.41735529379323688     
  -4.2343965757752825E-004
  -2.0595912128135007E-003
  -2.5884980718736046E-003
  -5.6323215041598415E-020
  -5.1553581381621951E-021
  -3.6473191100649715E-003
  -8.2508125597590163E-006
  -3.1280615325506383E-002
  -8.2508125597590196E-006
  -3.1280615325506383E-002
  -1.2464094790084554E-004
  -8.5797686300490575E-002
   0.0000000000000000     
  -3.2700727461242681E-018
   0.0000000000000000     
   8.6736173798840355E-019
   0.0000000000000000     
  -2.7157584621622941E-018
  -1.3803753914376924E-018
   0.0000000000000000     
   1.3803753914376924E-018
  -1.0308788731697338     
  -1.9515639104739080E-018
   1.6990530873781008E-017
  -9.9128531153895138E-024
  -3.8352328269025842E-020
  -1.7727410219480324E-003
   5.0433486883417796E-020
  -7.7822766845429947E-020
  -1.4815150543293269E-019
  -1.7915836663347739E-002
  -6.8774577086320809E-020
  -2.9925635848710351E-019
  -3.7330716267823721E-021
  -2.8965201636610034E-020
  -6.6897661466466339E-020
   1.3850924346473902E-003
  -2.1089944956346391E-003
   6.7120810567794196E-020
  -4.8457231289774536E-021
  -1.4205652279840478E-019
  -7.0147428368836348E-006
  -1.9775462952194610E-003
   7.0147428368836348E-006
   1.9775462952194606E-003
  -7.8367021038305288E-023
  -4.2899164633805273E-019
   1.7727410219480324E-003
  -6.1201903821452379E-019
  -9.6856492475229711E-019
  -1.5513668909889982E-018
   1.7915836663347739E-002
  -1.0442602570846599E-018
  -4.1434591009320437E-018
   1.8495661688126090E-019
  -4.4060323218984973E-019
  -8.7861734291002997E-019
   1.3850924346473900E-003
   2.1089944956346391E-003
  -1.0215353364579695E-018
  -7.0147428368836340E-006
  -1.9775462952194610E-003
   7.0147428368836357E-006
   1.9775462952194615E-003
  -1.1858461261560205E-019
  -3.1983964088322385E-018
  -2.4074124304840470E-035
  -4.2201814562889444E-018
  -5.0931071071293177     
   6.3930977602628503E-019
  -2.4174031904553967E-018
  -6.2981109853024117E-018
  -6.1149079027660637E-018
   1.3138582824929414E-017
   6.5052130349130266E-019
  -1.3172886468231926     
   3.4431363116301007E-019
   1.5755751391814272E-023
   7.5655997345583061E-020
   3.8451585205335260E-003
  -1.3372094023014597E-019
   1.3586860512803361E-019
   6.1261560650784872E-019
  -5.7725215458735345E-002
  -1.1104283233595921E-018
   6.9138949189433225E-019
   6.3808183149349908E-021
   8.1834049138133011E-020
   9.2348043546286347E-020
  -3.8601022153802963E-003
   4.0042295184581191E-003
  -1.3349600524286316E-019
   3.1415990430263365E-021
   1.3513574723520082E-019
   1.8411956021756677E-005
  -1.7156335958627713E-003
  -1.8411956021756677E-005
   1.7156335958627717E-003
  -1.0338776134250438E-022
  -1.0540992401655072E-018
   3.8451585205335260E-003
  -2.0078484714716408E-018
  -1.8735903016318356E-018
   7.9870838051133645E-018
  -5.7725215458735338E-002
   1.5910396932511241E-017
   2.9865532817034683E-017
   4.5691800680366398E-019
  -1.7645127779274202E-018
  -1.6631268587480850E-018
   3.8601022153802963E-003
   4.0042295184581200E-003
  -2.7688089484651932E-018
  -1.8411956021756674E-005
   1.7156335958627719E-003
   1.8411956021756670E-005
  -1.7156335958627717E-003
  -6.8609668727598327E-020
   1.2454772456427232E-017
   0.0000000000000000     
 -0.53855777004127670     
   0.0000000000000000     
   8.4331382454486489E-018
   2.9167533304748555E-018
   0.0000000000000000     
  -2.9167533304748555E-018
   3.0357660829594124E-018
  0.32652425928943757     
  -2.0404454596803204E-018
  -3.2064090191693348E-020
  -5.8098306347758328E-019
  -5.3940794032999194E-002
   7.6095598962781323E-019
  -5.3396839813756811E-019
  -1.6380804813962706E-018
 -0.13076736939930209     
   3.1995504803790019E-018
  -1.6962014645747920E-018
  -1.9972147963581023E-019
  -7.5914797211972827E-019
  -5.3000963644326106E-019
   3.5104558889315636E-002
  -4.6995093056847036E-002
   6.4950874338939054E-019
  -6.7771954642185132E-020
  -5.5672199796002538E-019
  -3.0307013842973004E-003
  -2.4116972380602321E-002
   3.0307013842973004E-003
   2.4116972380602321E-002
   1.2511212145791859E-019
   5.1758110501038115E-018
  -5.3940794032999201E-002
   7.3014087089544411E-018
   9.2562515234887884E-018
   1.0321445225827996E-017
 -0.13076736939930209     
   1.8725178149263008E-017
   1.8635273444709104E-017
  -2.9363091853547952E-018
   7.2913512866914775E-018
   7.8501859390538382E-018
  -3.5104558889315622E-002
  -4.6995093056847036E-002
   1.1071279675839822E-017
   3.0307013842972991E-003
   2.4116972380602317E-002
  -3.0307013842973008E-003
  -2.4116972380602317E-002
   2.8731357570865864E-018
   1.1817803680091998E-017
   0.0000000000000000     
   3.4694469519536142E-018
   1.6367790490800818     
  0.16201026795259224     
  0.52124364887063701     
  0.68668356904870054     
   1.5278218075971587E-018
   5.5833750435695903E-018
  -1.0842021724855044E-018
  -5.6987072801067257E-004
  -2.9029108954868807E-002
  -2.6876509705492026E-019
   3.9469501040265892E-002
  -1.2583215254578348E-002
 -0.13690248313233419     
  -6.2124524502603495E-019
  0.22395953739610380     
 -0.15987087385146792     
  -3.0972956166712466E-002
  -3.8284935718214133E-002
  -7.9961096878676356E-003
   3.2536926161550961E-019
  -3.2481966725821283E-019
   2.8610475781996460E-002
   1.8938534153790283E-003
  -4.3459477421111344E-002
  -3.9246655261469489E-003
  -5.1607148974865735E-002
  -3.9246655261469489E-003
  -5.1607148974865735E-002
  -5.6987072801067289E-004
  -2.9029108954868810E-002
   1.1578321499318825E-017
  -3.9469501040265892E-002
  -1.2583215254578350E-002
 -0.13690248313233419     
  -8.0087380654663689E-018
 -0.22395953739610377     
 -0.15987087385146792     
  -3.0972956166712459E-002
  -3.8284935718214126E-002
  -7.9961096878676339E-003
   3.9071095090042538E-018
   1.1145588353508064E-017
  -2.8610475781996460E-002
  -3.9246655261469471E-003
  -5.1607148974865735E-002
  -3.9246655261469489E-003
  -5.1607148974865714E-002
   1.8938534153790285E-003
  -4.3459477421111344E-002
   0.0000000000000000     
  -3.2698805646687198E-018
  -8.7959644970557797E-019
   0.0000000000000000     
   8.7959644970557797E-019
 -0.30470848440579601     
  -1.0842021724855044E-018
   5.5764107661512926E-018
  -7.9349121451129316E-020
  -6.6646505342623104E-019
 -0.10194659579868798     
   5.7694647016558083E-019
  -7.9144513595630269E-019
  -5.3372564477408127E-019
 -0.10458510381231580     
  -9.3490933925982717E-019
  -6.7679340148133479E-019
  -3.3308913303401859E-019
  -6.4415673250974091E-019
  -9.1803025541413932E-019
   3.7665756866918712E-002
  -8.7069259400014004E-002
   6.5582830292564599E-019
  -1.7296822569972564E-019
  -5.5404789634794055E-019
  -6.2264821410051600E-003
  -2.0801210774293987E-002
   6.2264821410051600E-003
   2.0801210774293987E-002
   1.5557964472370201E-020
  -4.4247226810699459E-018
  0.10194659579868796     
  -5.3881505833514283E-018
  -1.2110022008970109E-017
  -4.2166045334121633E-018
  0.10458510381231578     
  -1.8383414765758784E-018
  -1.2679959053217944E-017
   4.4178096861505990E-018
  -3.9657178329880145E-018
  -1.2672995372890846E-017
   3.7665756866918719E-002
   8.7069259400014004E-002
  -1.0950459494709416E-017
  -6.2264821410051574E-003
  -2.0801210774293987E-002
   6.2264821410051600E-003
   2.0801210774293991E-002
  -8.0230960763927328E-018
  -1.4311468676808659E-017
   0.0000000000000000     
  -8.1266947366415934E-018
  -9.8012628650200042E-018
  -3.2069692577045945E-018
  -4.3368086899420177E-019
 -0.32032058242754663     
  -1.5278218075971587E-018
   9.7236678917660583E-020
   1.2808453602977766E-018
  0.13692515503909744     
  -1.7588731422669231E-018
   7.9932320543242876E-019
   2.5598936296268968E-018
  0.12076216170090241     
  -4.6145139893266924E-018
   2.5116698734236797E-019
   4.7081803466693737E-019
   1.9995122348971985E-018
   9.1219272802941271E-019
  -8.2186292778577114E-002
   9.4213132913960773E-002
  -1.1655829318849805E-018
   8.3106926109785997E-020
   3.4626778148276296E-019
   9.6976614559515402E-003
   3.4627234933124806E-002
  -9.6976614559515402E-003
  -3.4627234933124806E-002
  -1.2978324047602853E-019
  -9.7481873476580349E-018
  0.13692515503909744     
  -1.4139864018370961E-017
  -1.9332478515330646E-017
  -4.5234750910933892E-018
  0.12076216170090241     
  -7.3638552829552626E-018
  -1.5915654384562609E-018
   1.2135308428974443E-017
  -1.3445483873038789E-017
  -1.3348713367624935E-017
   8.2186292778577114E-002
   9.4213132913960773E-002
  -2.1115209039527001E-017
  -9.6976614559515367E-003
  -3.4627234933124806E-002
   9.6976614559515402E-003
   3.4627234933124820E-002
  -4.7162794503119435E-018
  -1.7347234759768057E-018
   0.0000000000000000     
  -3.0262116639582880E-018
  -5.2024729406573444E-018
   4.3368086899420177E-019
   4.1024778966122177     
  -2.2729419127920424E-018
  -9.6596896770623775E-024
  -4.5510946262358737E-020
  -4.3407663825173895E-003
   7.4101998919887345E-020
  -8.3726618320102920E-020
  -6.3516608252732988E-019
  -9.1222854909639287E-002
   1.1439071964644986E-018
  -1.2600373740078324E-018
  -1.0729741248195179E-020
  -3.6649753417625522E-020
  -4.9699520808695078E-020
   3.2913281430899180E-003
  -3.8173021885387353E-003
   6.5653014847956791E-020
  -3.1417327586577561E-021
  -2.8245119730839199E-019
  -3.6420244959704065E-005
  -1.2216728671639660E-002
   3.6420244959704058E-005
   1.2216728671639658E-002
   4.4005037532299273E-022
   1.2541225310022212E-018
  -4.3407663825173878E-003
   2.2418977519211917E-018
   2.6550688162809808E-018
   9.9186982538187515E-018
  -9.1222854909639287E-002
   1.8489758789178530E-017
   2.1059291260505262E-017
  -1.8795163279891241E-021
   1.3876247595178937E-018
   1.6308824659191008E-018
  -3.2913281430899180E-003
  -3.8173021885387357E-003
   2.3657049064831207E-018
   3.6420244959704044E-005
   1.2216728671639660E-002
  -3.6420244959704044E-005
  -1.2216728671639660E-002
   1.4145450219146811E-019
   8.5109870540112098E-018
   0.0000000000000000     
  -3.0262116639582880E-018
   8.6736173798840355E-018
  0.24952390498423627     
  -5.6629679065957596E-018
  -3.1145013242081076E-022
  -1.1888325134169283E-019
  -5.8858944334968973E-003
   1.3327883933435743E-019
  -2.3631968279610771E-019
  -7.2260000897819786E-019
  -5.0005906324694434E-002
   1.1732403083081712E-018
  -1.3086228074663686E-018
  -1.9034372551958470E-020
  -8.2486511447912395E-020
  -2.3354845062226801E-019
   4.5535048985384866E-003
  -8.7341788785855884E-003
   1.9971560479137354E-019
  -2.5741757517978768E-020
  -4.1971943641324445E-019
  -4.7732767201897094E-005
  -6.0886806644669857E-003
   4.7732767201897101E-005
   6.0886806644669849E-003
   9.2024678554219789E-022
   1.0664000267025922E-018
  -5.8858944334968981E-003
   1.3314336638131551E-018
   2.2765422936867629E-018
   3.7515322177830051E-018
  -5.0005906324694434E-002
   5.5696174293845952E-018
   1.1004016897682522E-017
  -7.1612799814604349E-019
   9.7801371783488217E-019
   2.7366304628980554E-018
  -4.5535048985384866E-003
  -8.7341788785855884E-003
   2.5774469041374576E-018
   4.7732767201897080E-005
   6.0886806644669857E-003
  -4.7732767201897087E-005
  -6.0886806644669849E-003
   6.7762635780344017E-019
   7.2099444470286045E-018
   0.0000000000000000     
   2.6020852139652106E-018
  -3.4119469944642842     
   2.2621076793858789E-018
  -6.3485671727918807E-022
  -3.2800318647116330E-019
  -1.7872671795249574E-002
   5.2636258063480107E-019
  -4.6265562053851409E-019
  -1.3600974849226917E-018
  -9.1428832529561688E-002
   2.6996924532923171E-018
  -1.3786415687583898E-018
  -4.2778248809346873E-020
  -4.5275560933376997E-019
  -3.6553925764937572E-019
   2.1094652925371306E-002
  -2.0497287544614700E-002
   6.4904458694450093E-019
  -1.0462097678893535E-020
  -3.4175831163295151E-019
  -1.7424825106515735E-004
  -1.6067218922300619E-002
   1.7424825106515735E-004
   1.6067218922300622E-002
   2.4734918058438477E-022
   4.5037173553049789E-018
  -1.7872671795249574E-002
   8.7165602335626826E-018
   7.0524406604106733E-018
   8.9950422740600004E-018
  -9.1428832529561688E-002
   1.6473916109490157E-017
   1.2049099430923673E-017
  -2.5233622304970133E-018
   8.4145988871971804E-018
   6.6060815480270356E-018
  -2.1094652925371302E-002
  -2.0497287544614700E-002
   1.1778553317829462E-017
   1.7424825106515735E-004
   1.6067218922300622E-002
  -1.7424825106515735E-004
  -1.6067218922300622E-002
   3.1170812458958252E-019
   5.8546917314217232E-018
   0.0000000000000000     
  -2.5884217307002389E-018
   3.3366355699864521     
  -2.5597585192582019E-006
  -6.5065661471715146E-003
  -5.1146716434107221E-020
   8.4173474487802130E-003
  -1.2396436861797304E-002
  -4.8161827224011369E-002
  -1.7203473785152262E-019
   3.8348023717271279E-002
  -9.1972182505126926E-002
  -2.5167947936081741E-003
  -4.8206776158792189E-003
  -8.0548393268100784E-003
   4.9868151914421826E-020
  -7.5658824035178618E-020
   9.6398500729194050E-003
  -5.0549088906333970E-004
  -3.2509213187881372E-002
  -5.6668497847804418E-005
  -1.1206845111624231E-002
  -5.6668497847804445E-005
  -1.1206845111624229E-002
   2.5597585192582015E-006
   6.5065661471715146E-003
  -4.4221783564986944E-020
   8.4173474487802147E-003
   1.2396436861797304E-002
   4.8161827224011369E-002
   6.2240318572892736E-018
   3.8348023717271279E-002
   9.1972182505126926E-002
   2.5167947936081737E-003
   4.8206776158792181E-003
   8.0548393268100784E-003
  -3.2598096555518184E-019
  -1.0506818232860237E-018
   9.6398500729194050E-003
   5.6668497847804425E-005
   1.1206845111624229E-002
   5.6668497847804384E-005
   1.1206845111624229E-002
   5.0549088906333970E-004
   3.2509213187881372E-002
  -3.5839802813052660E-034
   4.3368086899420177E-018
   4.0992327794773743E-006
   1.4295072084113063E-002
   8.6362008096658495E-020
  -2.5030791808493168E-002
   2.1700581953509032E-002
   9.4098003629968105E-002
   2.5714385150822695E-019
 -0.16993530526322717     
   9.7171529297939360E-002
   4.3465749544400311E-003
   1.7400033680337712E-002
   1.2824140830032155E-002
  -1.1445182286575616E-019
   1.1655394528921664E-019
  -2.3314838046301887E-002
   2.9710775046716000E-004
   2.0600977158052022E-002
   1.3075228907751077E-004
   2.9097848519277221E-002
   1.3075228907751077E-004
   2.9097848519277224E-002
   4.0992327794773743E-006
   1.4295072084113063E-002
   7.2483844919414590E-019
   2.5030791808493168E-002
   2.1700581953509032E-002
   9.4098003629968105E-002
   1.7754294768975904E-017
  0.16993530526322717     
   9.7171529297939360E-002
   4.3465749544400320E-003
   1.7400033680337715E-002
   1.2824140830032157E-002
   2.6926371854532158E-019
  -5.5310619216988114E-019
   2.3314838046301890E-002
   1.3075228907751077E-004
   2.9097848519277218E-002
   1.3075228907751077E-004
   2.9097848519277218E-002
   2.9710775046716000E-004
   2.0600977158052022E-002
   0.0000000000000000     
   7.5434408156078943E-022
   2.3578310253951353E-019
   1.2252126028575368E-002
  -2.9669739471414546E-019
   4.0228355895486246E-019
   1.9492811986096295E-019
   1.9163209364565073E-002
   3.5926350778704214E-019
   2.1743769856863359E-019
   4.2372766085440233E-020
   2.5972255621025067E-019
   4.0386121029405622E-019
  -1.2988607885329679E-002
   1.8552951881053950E-002
  -4.6728149141269986E-019
   2.1561213939907744E-020
   1.3138617489049040E-019
   1.3028773829840541E-004
   4.2630920163573664E-003
  -1.3028773829840541E-004
  -4.2630920163573673E-003
   2.4383428414730168E-021
   2.2306005974499359E-018
  -1.2252126028575365E-002
   3.2476248399248051E-018
   4.1294555334918243E-018
   3.1390710594640664E-019
  -1.9163209364565077E-002
  -2.6105395309020732E-019
  -1.3122794688986959E-018
  -1.8292752925445352E-018
   3.3373308359213369E-018
   5.5970498222844691E-018
  -1.2988607885329680E-002
  -1.8552951881053950E-002
   6.6518150071187709E-018
   1.3028773829840533E-004
   4.2630920163573656E-003
  -1.3028773829840533E-004
  -4.2630920163573664E-003
   6.3019251275719945E-019
  -1.0299920638612298E-018
   0.0000000000000000     
   0.0000000000000000     
  0.33759992819195117     
   0.0000000000000000     
   1.2222864333962992E-017
   0.0000000000000000     
   4.6369466643630078E-002
   0.0000000000000000     
   1.5502679159367299E-018
  -1.9553336830030866E-020
   0.0000000000000000     
   1.9553336830030866E-020
  -1.4885921700131276E-002
   2.1473453631551134E-002
  -7.3646579614408359E-019
   4.5393243574033742E-019
   3.8668753752473855E-019
   1.7203438756777135E-002
   1.4662574520607543E-002
  -1.7203438756777139E-002
  -1.4662574520607544E-002
  -8.9913209743010104E-033
  -6.8931719963060888E-022
   2.0529817932607654E-006
  -2.6843443225123042E-021
  -1.4338954243715874E-022
  -1.2638271258690202E-019
   1.0595274995958274E-003
  -4.7723419325838187E-019
   1.5461618537829944E-019
   3.1420484220845401E-023
  -5.0298518755767916E-022
  -4.0255683526777237E-024
   4.6902155020130438E-007
   1.4843576364039421E-008
  -3.9602074950635790E-023
  -3.6547471564489548E-008
  -3.4284711888523186E-004
   3.6547471564489548E-008
   3.4284711888523192E-004
  -6.6642969273071077E-027
  -1.0482032722271968E-020
   0.0000000000000000     
  0.16093820845059514     
   0.0000000000000000     
   5.1917547104988561E-018
   0.0000000000000000     
  0.16454310868950453     
   0.0000000000000000     
   5.1866317120162674E-018
  -8.0750784046913562E-020
   0.0000000000000000     
   8.0750784046913562E-020
  -6.4887021804024211E-002
   8.9920178274862345E-002
  -2.9570162022949047E-018
   1.3256996677521615E-018
   1.3024445613245391E-018
   5.2002775729419227E-002
   5.1806427094749224E-002
  -5.2002775729419227E-002
  -5.1806427094749238E-002
  -6.9656211069574211E-022
  -4.9834153248225983E-019
   1.4953617601915880E-003
  -1.1906171646022411E-018
  -1.9761354305861716E-019
  -2.5479353762690006E-018
   1.9801366663723795E-002
  -6.8029784007555654E-018
   1.8117718393618623E-019
   1.3068501533176424E-019
  -1.2820243968255179E-018
  -1.7529260334224595E-019
   2.0526574566909813E-003
   5.0240171345847413E-004
  -3.7092208578006392E-019
  -9.7066623068876978E-005
  -5.5632734094583280E-003
   9.7066623068876978E-005
   5.5632734094583280E-003
  -9.3967717586023944E-022
  -5.5226548160980382E-019
   0.0000000000000000     
   6.9588349748852196E-002
   10.778313730245904     
  -7.6662404951273674E-002
  -4.8283019537691927E-020
   2.0510936375516382E-002
   1.6702503805462194     
   8.1989288383655018E-002
 -0.26996278993904638     
   5.7180271792684964E-003
  -6.0128219623108213E-021
   8.3161016211128334E-018
  -2.8761382770188144E-002
  0.53861105871133930     
  0.40636283999127820     
 -0.52399456200240713     
 -0.43919617060318344     
 -0.52399456200240713     
 -0.43919617060318339     
  -2.0529817932607654E-006
  -1.4953617601915880E-003
  -5.6852539661700789E-019
  -3.5496783262855543E-003
   4.2021519318634110E-004
  -7.7090950872974219E-003
  -3.5771375445622119E-018
  -2.0693408241698963E-002
   4.6412417017709158E-002
   7.0880539721334464E-005
  -3.7856662486590357E-003
  -2.0081317594210847E-004
  -9.8879984947819898E-019
  -6.8998135001655902E-020
   1.6122242888496816E-004
  -7.3041855552284963E-005
  -1.4098701675885986E-002
  -7.3041855552285004E-005
  -1.4098701675885986E-002
   8.8218257748791364E-007
   9.6107453471210719E-004
   0.0000000000000000     
  -3.4147666382194588E-018
   0.0000000000000000     
  -7.2623082973865494E-002
   0.0000000000000000     
  -2.9405491703962214E-018
   3.2218986007766493E-020
   0.0000000000000000     
  -3.2218986007766499E-020
  0.42601664889494228     
  -1.3433611433290776E-002
   1.0256440727285646E-017
   1.3386801250155813E-018
  -3.6131805716098542E-020
  -7.4624205755319624E-003
  -1.9820713786751713E-002
   7.4624205755319658E-003
   1.9820713786751713E-002
   2.7237308078977418E-021
   1.1906359261888204E-018
  -3.5496783262855547E-003
   2.7249414655909984E-018
   4.4565854306437375E-019
   4.2004007129999357E-018
  -3.4351742135746113E-002
   1.0032589526502161E-017
   1.5083354679095551E-018
  -3.2934559180727541E-019
   3.1499288235184544E-018
   4.5297137748149826E-019
  -5.2062068228868096E-003
  -1.2940091864095567E-003
   9.2452230779869981E-019
   2.4733929468375430E-004
   9.3486664624280423E-003
  -2.4733929468375414E-004
  -9.3486664624280440E-003
   2.2764010457459322E-021
   1.0435445910172980E-018
  -1.5046327690525280E-036
  -2.5679071143784977E-018
  -1.6055814834853308     
   7.4393173087280717E-019
   4.8283019537691915E-020
  -4.2618656395238696E-018
  -6.1648911603102578E-018
   5.1421227025708835E-018
   3.2966760996116826E-002
  0.24970868744778812     
   6.0128219623108251E-021
   1.1116815114229835E-019
  -6.4199092683431911E-019
 -0.78440546842554604     
 -0.56791958185560076     
  0.78440546842554604     
  0.56791958185560076     
   5.3653929029609912E-023
   3.0992004623837827E-020
  -4.2021519318634115E-004
   1.0230874233483743E-019
  -2.2414867926137749E-019
   4.3227985570737119E-018
  -3.7639367628089504E-002
   1.7633678115426325E-017
  -1.2476888955782802E-018
  -1.8680945470513300E-020
   1.5556922148147597E-019
  -5.2155647129474811E-020
  -6.6080874737299805E-004
   3.3826341305026689E-004
  -3.5781305898637011E-019
   1.4446128796824804E-004
   1.5063772146470490E-002
  -1.4446128796824796E-004
  -1.5063772146470490E-002
  -3.0440246541951423E-022
   2.1006417091906646E-019
   0.0000000000000000     
  0.13904065617910324     
   0.0000000000000000     
   4.1706301201158649E-018
  -3.2770758051252563E-020
   0.0000000000000000     
   3.2770758051252569E-020
  -2.8742684300224558E-002
   3.7399286359899080E-002
  -1.2282423534042052E-018
   6.7891395537483944E-019
   1.0556481710048088E-018
   2.8466551626576589E-002
   4.3654562931415446E-002
  -2.8466551626576606E-002
  -4.3654562931415467E-002
  -1.2951783160715681E-019
  -2.4637356341553737E-018
   7.7090950872974184E-003
  -4.1903441434103605E-018
   2.7406179803490469E-018
  -5.0193872108737826E-018
   4.3571310974380412E-002
  -1.0821535213029595E-017
   3.2261649887392673E-019
   8.8816592671871869E-019
  -5.0798522743964133E-018
  -2.9506523491880578E-018
   1.1173548889992108E-002
   3.7711767335306939E-003
   7.5596561891052622E-019
  -1.4591894649217993E-003
  -1.1764435575992823E-002
   1.4591894649217973E-003
   1.1764435575992821E-002
   1.2197274440461927E-019
  -1.7347234759768071E-018
   0.0000000000000000     
   8.2830184732224268E-002
  0.74816471355911152     
  -1.9637313893796582E-002
 -0.25168600472880120     
  -9.8214793434740599E-002
  -3.3322191691849032E-020
   1.0771046543357153E-018
  -2.7105326647772670E-003
  0.20747634687287597     
  0.16682884363569592     
 -0.26942414483294341     
 -0.28052803858884695     
 -0.26942414483294341     
 -0.28052803858884695     
  -1.0595274995958269E-003
  -1.9801366663723785E-002
  -5.8403723200238024E-018
  -3.4351742135746086E-002
   3.7639367628089497E-002
  -4.3571310974380412E-002
  -1.2745585951962471E-017
  -8.7462283049538916E-002
   7.9715102686774356E-002
  -3.3125123123660814E-003
  -4.2218994570343199E-002
  -7.6044833897126593E-003
  -9.8148336742311454E-018
   5.9079674407444532E-019
   1.7944218147540582E-002
  -8.6320078703118353E-003
  -4.1836657451737869E-002
  -8.6320078703118319E-003
  -4.1836657451737876E-002
   1.6950285568544303E-003
   2.1693304480371756E-003
   0.0000000000000000     
  -2.9810792316208806E-018
   1.0283227642971943E-020
   0.0000000000000000     
  -1.0283227642971943E-020
   9.1935249652101980E-002
  -8.0050388364520577E-003
   2.0370185446918690E-018
   5.5605325954654485E-019
   2.6598618146332904E-020
  -2.7599291358472978E-003
  -2.0250728994367029E-002
   2.7599291358472978E-003
   2.0250728994367032E-002
   4.9958675197991717E-019
   6.2459680533091322E-018
  -2.0693408241698942E-002
   1.0149149745597727E-017
  -1.4363036474573541E-017
   1.0821535213029595E-017
  -8.7462283049538944E-002
   1.9051298054934068E-017
  -2.4054644644498466E-020
  -3.5715298080917166E-018
   1.3307607627893373E-017
   9.1765575955651039E-018
  -2.9436493818663381E-002
  -1.0325871915778823E-002
  -2.0289822964084563E-018
   4.4792744604810865E-003
   2.3561456976564761E-002
  -4.4792744604810839E-003
  -2.3561456976564758E-002
  -5.1499603193061470E-019
   3.6862873864507151E-018
   0.0000000000000000     
  -3.6793702388818153E-018
  -6.0317467752185889E-018
  -2.5781508372198479E-018
   3.2663297717340861E-002
  -8.9974108420847229E-002
   3.3322191691849032E-020
  -7.9318511503435869E-019
  -1.5533016180762355E-018
 -0.36453970877229075     
 -0.31651201656315070     
  0.36453970877229075     
  0.31651201656315076     
   2.6670832827865069E-019
   2.4149640294333503E-018
  -4.6412417017709130E-002
   5.5252712188548970E-018
   9.6727153100514721E-019
   7.2050440449748460E-018
  -7.9715102686774411E-002
   1.4555825282584868E-017
  -4.7042379640370846E-018
   7.8295634284662361E-020
   6.7222553701372812E-018
   2.3355402316283709E-018
  -3.5957583436783035E-002
  -2.1760141972402489E-003
   1.9004508061020167E-018
   1.1395878067651312E-002
   3.5412336077590000E-002
  -1.1395878067651310E-002
  -3.5412336077590000E-002
   3.9302328752599531E-019
   1.4094628242311558E-018
   0.0000000000000000     
   5.9941374088778315E-020
   8.9407964240555446E-020
   4.7873039639347373E-002
   2.6312064119258367     
  -1.2681849635863171E-018
   6.7978483609903421E-019
   9.3869270651296864E-019
 -0.39892041886447460     
  -9.0454900461014356E-002
  0.39892041886447460     
   9.0454900461014356E-002
   2.6953806111104245E-023
   2.3364073311263842E-020
  -7.0880539721334451E-005
   5.2096937399000302E-020
  -7.7040125309271151E-020
  -4.1450440727935925E-019
   3.3125123123660797E-003
  -1.2612898468679214E-018
   2.1309915792831051E-019
  -4.1010298590960132E-020
   1.2906857233476443E-019
  -3.7108414149293671E-021
  -1.9338337383652807E-004
   6.8577048740752419E-005
  -9.2587148292015271E-020
   2.1184605990077067E-005
   1.9188299796991859E-003
  -2.1184605990077046E-005
  -1.9188299796991859E-003
  -6.6381244157380459E-023
  -2.1345230270808369E-019
   0.0000000000000000     
   5.9941374088778315E-020
 -0.11601225590750616     
  0.14354013681964581     
  -5.8897065095345776E-018
   1.8493516153502030E-018
   1.2767631447010800E-018
   3.8787615845112269E-002
   7.3235752391316356E-002
  -3.8787615845112311E-002
  -7.3235752391316369E-002
  -5.0235129745933174E-022
  -1.2800853359074914E-018
   3.7856662486590352E-003
  -3.1387062909907285E-018
  -5.2990606051323233E-019
  -4.9778959719269071E-018
   4.2218994570343206E-002
  -1.3512346553698315E-017
  -1.0606574969821140E-018
   3.8800188273077758E-019
  -3.4091583315978352E-018
  -3.8417026487228851E-019
   5.1820912280090003E-003
   1.1167433183496146E-003
  -9.3045206420613356E-019
  -2.0628052181357020E-004
  -1.1633409881927523E-002
   2.0628052181357020E-004
   1.1633409881927523E-002
  -1.9322939109238726E-021
  -1.1519648082658485E-018
   0.0000000000000000     
  -5.6468225506766320E-002
  -2.6067721858225670     
   1.7309536965572156E-018
   2.6700402459843021E-019
   7.6568065037871942E-019
  0.46995749543027732     
  0.13328826445647762     
 -0.46995749543027732     
 -0.13328826445647762     
  -3.9988866693729351E-025
  -6.9893849388914822E-020
   2.0081317594210850E-004
  -1.8432572169311910E-019
  -1.5405703140633910E-020
  -1.1648518334832494E-018
   7.6044833897126593E-003
  -4.2411626072080475E-018
   1.3579095458848513E-018
   1.3477971644076038E-020
  -1.1779282147674091E-019
  -3.5351740185343125E-020
   1.8047463443046622E-004
   8.9878899561213522E-006
  -3.0509371664371121E-020
  -3.7290698514428825E-005
  -5.1108172249695353E-003
   3.7290698514428852E-005
   5.1108172249695353E-003
  -1.2655863372061323E-022
  -1.1180834903756764E-019
   0.0000000000000000     
  -2.5069745967960148E-018
   2.3092493248000734     
  0.32335248496160990     
   7.3548626178993229E-002
  -1.8522756055600206E-002
   8.2045836193693905E-003
  -1.8522756055600213E-002
   8.2045836193693888E-003
   4.6902155020130359E-007
   2.0526574566909809E-003
   8.9909590975564049E-019
   5.2062068228868096E-003
  -6.6080874737299848E-004
   1.1173548889992106E-002
   6.0144167876209769E-018
   2.9436493818663388E-002
  -3.5957583436783049E-002
  -1.9338337383652810E-004
   5.1820912280090003E-003
   1.8047463443046627E-004
   1.4853393467527487E-018
   1.0096816121717184E-019
  -2.5809292352875805E-004
   5.3902394892358491E-005
   1.1797429122266829E-002
   5.3902394892358491E-005
   1.1797429122266829E-002
  -6.7185981858943475E-008
  -6.9731123427897051E-004
   4.4799753516308694E-035
   6.5968271446019730E-002
  0.25141588736588549     
   7.3494225906806154E-002
 -0.26684842960108213     
  -8.9039123117797797E-002
 -0.26684842960108213     
  -8.9039123117797811E-002
  -1.4843576364039442E-008
  -5.0240171345847424E-004
  -4.9042999570481941E-020
  -1.2940091864095567E-003
  -3.3826341305026689E-004
  -3.7711767335306895E-003
  -1.7320639291649018E-019
  -1.0325871915778837E-002
   2.1760141972402476E-003
  -6.8577048740752392E-005
  -1.1167433183496142E-003
  -8.9878899561213505E-006
  -9.1370208551799243E-020
  -9.7693937483826742E-020
  -6.1691625290695776E-004
  -2.5912277157937218E-005
  -3.6414402413783345E-003
  -2.5912277157937197E-005
  -3.6414402413783350E-003
  -7.7156895458403005E-008
   7.1287260927407011E-005
   0.0000000000000000     
   3.5141434044792507E-019
   2.3766029517706216E-020
  -1.4915438248976176E-002
   1.9615837204511170E-003
   1.4915438248976178E-002
  -1.9615837204511161E-003
  -7.2260360023487820E-023
   3.2000137075312907E-021
   1.6122242888496837E-004
  -5.8339515924362433E-021
   4.4623332272644620E-019
  -2.2587331094110107E-018
   1.7944218147540571E-002
  -6.2397607225572740E-018
   1.8935267718928226E-018
  -1.3710870971089844E-020
  -4.6100874900322486E-020
   1.2727402197580615E-019
   2.5809292352875908E-004
  -6.1691625290695798E-004
   6.8780245337056213E-019
  -1.4265946265486362E-004
  -9.3312679243654547E-003
   1.4265946265486362E-004
   9.3312679243654547E-003
   7.2130149414624013E-022
   6.7762635780344015E-020
   0.0000000000000000     
   0.0000000000000000     
  -3.8297001726207675E-002
  -5.9205588262231650E-002
   3.8297001726207675E-002
   5.9205588262231650E-002
  -3.9329220557495579E-028
   2.0562670150276679E-022
  -8.8218257748791343E-007
   1.0792149570797283E-021
  -4.9857029317335332E-024
   1.8539154799402662E-019
  -1.6950285568544303E-003
   8.7705833699716635E-019
   5.1828381949870420E-020
   4.5796260853539893E-024
   7.0726748132056027E-023
  -3.1349989690428533E-023
  -6.7185981858943383E-008
   7.7156895458402992E-008
  -9.1816358605261983E-023
   2.2553131766970462E-008
   5.1327495736711286E-004
  -2.2553131766970462E-008
  -5.1327495736711286E-004
  -1.6291155882371275E-025
   1.6660073614674084E-020
   0.0000000000000000     
  -6.2712996572674817E-002
  -6.2249717958258725E-002
   6.2712996572674817E-002
   6.2249717958258725E-002
  -8.5477494808301023E-021
  -5.6119012831957576E-020
  -9.6107453471210697E-004
  -8.3707786508248411E-020
   2.2026985908597305E-019
   8.3723040430897437E-020
  -2.1693304480371743E-003
   7.1319670781707541E-019
  -5.1044714283671688E-019
  -1.7272833771898136E-020
  -1.5683422400215231E-019
  -3.2048477215651704E-020
  -6.9731123427897084E-004
  -7.1287260927406414E-005
   1.3980429324315901E-019
   1.9584277319716377E-004
   1.3879160213032123E-003
  -1.9584277319716382E-004
  -1.3879160213032128E-003
   1.6540511265378348E-020
  -9.0207794418560357E-020
   0.0000000000000000     
   0.0000000000000000     
  -9.3448276373495495E-002
 -0.16635137436344333     
  -3.6547471564489667E-008
  -9.7066623068877033E-005
   7.3041855552284597E-005
  -2.4733929468375424E-004
   1.4446128796824766E-004
  -1.4591894649218008E-003
   8.6320078703118266E-003
  -4.4792744604810978E-003
   1.1395878067651305E-002
   2.1184605990076904E-005
  -2.0628052181357047E-004
  -3.7290698514428919E-005
   5.3902394892357942E-005
   2.5912277157937218E-005
   1.4265946265486367E-004
  -1.2784654251722475E-005
  -5.5021172528306687E-003
   0.0000000000000000     
   0.0000000000000000     
   2.2553131766970462E-008
   1.9584277319716344E-004
   0.0000000000000000     
 -0.16635137436344333     
 -0.20329795051078589     
  -3.4284711888523219E-004
  -5.5632734094583315E-003
   1.4098701675885988E-002
  -9.3486664624280510E-003
   1.5063772146470488E-002
  -1.1764435575992816E-002
   4.1836657451737834E-002
  -2.3561456976564775E-002
   3.5412336077589986E-002
   1.9188299796991828E-003
  -1.1633409881927544E-002
  -5.1108172249695405E-003
   1.1797429122266841E-002
   3.6414402413783450E-003
   9.3312679243654408E-003
  -5.5021172528306678E-003
  -2.7913561000887491E-002
   0.0000000000000000     
   0.0000000000000000     
   5.1327495736711200E-004
   1.3879160213032089E-003
   0.0000000000000000     
   0.0000000000000000     
   3.6547471564489541E-008
   9.7066623068876951E-005
   7.3041855552285085E-005
   2.4733929468375446E-004
  -1.4446128796824774E-004
   1.4591894649217947E-003
   8.6320078703118336E-003
   4.4792744604810779E-003
  -1.1395878067651312E-002
  -2.1184605990076823E-005
   2.0628052181357020E-004
   3.7290698514428892E-005
   5.3902394892358356E-005
   2.5912277157937238E-005
  -1.4265946265486340E-004
   0.0000000000000000     
   0.0000000000000000     
   1.2784654251722475E-005
   5.5021172528306687E-003
  -2.2553131766970621E-008
  -1.9584277319716455E-004
   0.0000000000000000     
   3.4284711888523127E-004
   5.5632734094583306E-003
   1.4098701675885986E-002
   9.3486664624280458E-003
  -1.5063772146470490E-002
   1.1764435575992807E-002
   4.1836657451737834E-002
   2.3561456976564744E-002
  -3.5412336077589979E-002
  -1.9188299796991830E-003
   1.1633409881927514E-002
   5.1108172249695423E-003
   1.1797429122266830E-002
   3.6414402413783372E-003
  -9.3312679243654495E-003
   0.0000000000000000     
   0.0000000000000000     
   5.5021172528306678E-003
   2.7913561000887491E-002
  -5.1327495736711189E-004
  -1.3879160213032139E-003
   0.0000000000000000     
   0.0000000000000000     
  0.33759992819195123     
   0.0000000000000000     
   2.3969276447085374E-017
   0.0000000000000000     
   4.6369466643630092E-002
   0.0000000000000000     
  -3.6467122754666716E-018
   2.5088847905182854E-017
   0.0000000000000000     
  -2.1619400953229240E-017
   1.4885921700131272E-002
   2.1473453631551176E-002
  -9.8526854759336427E-018
  -1.7203438756777226E-002
  -1.4662574520607506E-002
   1.7203438756777194E-002
   1.4662574520607534E-002
  -8.6736173798839700E-019
  -2.6020852139652130E-018
   0.0000000000000000     
  0.16093820845059525     
   0.0000000000000000     
  -3.0707550366676336E-017
   0.0000000000000000     
  0.16454310868950447     
   0.0000000000000000     
  -1.7901557741731808E-017
   5.8921047557828743E-017
   0.0000000000000000     
  -8.6676623173457657E-017
   6.4887021804024239E-002
   8.9920178274862400E-002
  -4.0060645768861807E-017
  -5.2002775729419443E-002
  -5.1806427094749329E-002
   5.2002775729419456E-002
   5.1806427094749349E-002
  -1.7347234759768062E-017
  -1.3877787807814454E-017
   1.3552527156068998E-020
  -6.9588349748852196E-002
   10.778313730245905     
  -7.6662404951273688E-002
   2.9707664173346859E-017
  -2.0510936375516375E-002
   1.6702503805462194     
   8.1989288383655018E-002
 -0.26996278993904643     
   5.7180271792684166E-003
  -3.6393604334434920E-018
   8.2080686778754856E-018
   2.8761382770188144E-002
 -0.52399456200240768     
 -0.43919617060318367     
 -0.52399456200240624     
 -0.43919617060318350     
  0.53861105871133941     
  0.40636283999127826     
   0.0000000000000000     
  -4.2499128783556784E-017
   0.0000000000000000     
   7.2623082973865521E-002
   0.0000000000000000     
  -3.4575627631200114E-017
   1.8048766164702309E-017
   0.0000000000000000     
  -1.7181404426713908E-017
  0.42601664889494234     
   1.3433611433290804E-002
  -2.8885059592573361E-017
  -7.4624205755319719E-003
  -1.9820713786751692E-002
   7.4624205755319493E-003
   1.9820713786751720E-002
   2.0816681711721673E-017
  -4.3368086899420177E-018
  -1.7347234759768067E-018
   9.0982807339457871E-018
  -1.6055814834853310     
   9.2019174261212875E-018
  -3.6646558077254088E-017
  -2.0959144133974230E-017
   1.1212326238445029E-017
  -2.9376658029025093E-017
  -3.2966760996116840E-002
  0.24970868744778824     
   2.9888391299521889E-018
  0.78440546842554615     
  0.56791958185560099     
 -0.78440546842554582     
 -0.56791958185560099     
   7.8929918156944723E-017
   5.2041704279304213E-017
   0.0000000000000000     
  0.13904065617910327     
   0.0000000000000000     
  -2.2306898955736443E-017
   2.3926211313367803E-017
   0.0000000000000000     
  -2.7395658265321414E-017
   2.8742684300224555E-002
   3.7399286359899045E-002
  -1.4809324045705421E-017
  -2.8466551626576544E-002
  -4.3654562931415411E-002
   2.8466551626576655E-002
   4.3654562931415494E-002
  -7.8062556418956227E-018
  -1.2143064331837651E-017
   0.0000000000000000     
  -8.2830184732224268E-002
  0.74816471355911174     
  -1.9637313893796599E-002
 -0.25168600472880120     
  -9.8214793434740544E-002
  -1.5837791734883899E-017
  -2.5412547399633310E-017
   2.7105326647772765E-003
 -0.26942414483294369     
 -0.28052803858884678     
 -0.26942414483294330     
 -0.28052803858884690     
  0.20747634687287597     
  0.16682884363569594     
   0.0000000000000000     
  -2.4635531946807372E-017
   5.2974575148745159E-018
   0.0000000000000000     
  -5.2974575148745159E-018
   9.1935249652101980E-002
   8.0050388364520612E-003
  -1.2361207989400742E-017
  -2.7599291358472969E-003
  -2.0250728994367032E-002
   2.7599291358472917E-003
   2.0250728994367053E-002
   3.4694469519536065E-018
   2.4120704076475430E-033
   0.0000000000000000     
   8.2341558957591127E-017
   1.4105608252148667E-017
  -6.2987662877803166E-018
  -3.2663297717340875E-002
  -8.9974108420847215E-002
   1.6271472603878101E-017
  0.36453970877229086     
  0.31651201656315070     
 -0.36453970877229047     
 -0.31651201656315064     
   3.6429192995512937E-017
   3.4694469519536142E-017
   0.0000000000000000     
  -3.5000249537621266E-017
  -1.8922688509276029E-016
  -4.7873039639347373E-002
   2.6312064119258367     
  -2.3643584985981623E-017
  0.39892041886447210     
   9.0454900461014676E-002
 -0.39892041886447183     
  -9.0454900461014481E-002
  -6.5377391000875905E-017
  -3.6212352561015854E-017
   0.0000000000000000     
  -2.8061355633714037E-017
  0.11601225590750622     
  0.14354013681964575     
  -8.0645725850771887E-017
  -3.8787615845112339E-002
  -7.3235752391316328E-002
   3.8787615845112158E-002
   7.3235752391316439E-002
  -2.4286128663675346E-017
  -3.4694469519536157E-018
   0.0000000000000000     
   5.6468225506766327E-002
  -2.6067721858225674     
   3.3621782964695863E-017
 -0.46995749543027676     
 -0.13328826445647773     
  0.46995749543027732     
  0.13328826445647760     
   3.9031278209478147E-017
   1.3877787807814457E-017
   0.0000000000000000     
  -2.0106245440977464E-017
   2.3092493248000738     
   1.8522756055600175E-002
  -8.2045836193693940E-003
   1.8522756055600192E-002
  -8.2045836193694009E-003
 -0.32335248496160990     
  -7.3548626178993187E-002
  -5.1247078923561987E-017
  -6.5968271446019786E-002
 -0.26684842960108202     
  -8.9039123117797728E-002
 -0.26684842960108252     
  -8.9039123117797825E-002
  0.25141588736588549     
   7.3494225906806140E-002
   0.0000000000000000     
  -1.4915438248976187E-002
   1.9615837204511608E-003
   1.4915438248976171E-002
  -1.9615837204511235E-003
  -3.9031278209478110E-017
  -6.9388939039072268E-018
   0.0000000000000000     
   0.0000000000000000     
   9.3448276373495495E-002
  0.16635137436344336     
  -3.8297001726207779E-002
  -6.2712996572674914E-002
   0.0000000000000000     
  0.16635137436344330     
  0.20329795051078589     
  -5.9205588262231615E-002
  -6.2249717958258725E-002
   0.0000000000000000     
   0.0000000000000000     
   3.8297001726207744E-002
   6.2712996572674720E-002
   0.0000000000000000     
   5.9205588262231698E-002
   6.2249717958258600E-002
   0.0000000000000000     
   0.0000000000000000     
   0.0000000000000000     
