                1             2             3             4             5
      1 -0.000000E+00
      2 -0.000000E+00 -0.000000E+00
      3  0.462232E+00  0.211691E+00  0.355695E-33
      4 -0.000000E+00 -0.000000E+00 -0.628837E-17 -0.000000E+00
      5  0.564303E-16  0.262539E-16  0.106907E+02 -0.226717E-16  0.346667E-33
      6 -0.000000E+00 -0.000000E+00 -0.902437E-01 -0.000000E+00 -0.121384E-16
      7  0.634877E-01  0.184693E+00  0.790603E-17  0.867362E-18 -0.136139E+01
      8 -0.000000E+00 -0.000000E+00 -0.233103E-17 -0.000000E+00  0.544130E-17
      9  0.758452E-17  0.262316E-16  0.183772E+01 -0.197779E-16 -0.790603E-17
     10  0.329302E-17  0.140447E-16  0.158793E+00 -0.109525E-16 -0.200695E-16
     11 -0.000000E+00 -0.000000E+00 -0.354217E-01 -0.000000E+00 -0.359911E-16
     12 -0.329302E-17 -0.140447E-16 -0.346681E+00  0.109525E-16  0.259350E-16
     13  0.157209E-17  0.411997E-17  0.197218E-17  0.104842E+00  0.346945E-17
     14  0.191347E+00  0.779432E+00  0.330370E-16 -0.847033E-18  0.706803E+00
     15 -0.517099E-17 -0.216314E-16 -0.260209E-17  0.562897E-16 -0.197218E-17
     16  0.563516E-21  0.827527E-18  0.246842E-01 -0.207752E-19  0.148171E-17
     17  0.129573E-17  0.629284E-17  0.478248E+00 -0.154147E-17  0.799433E-17
     18  0.135193E-01  0.160546E+01  0.293175E-17  0.121973E-18  0.255091E+01
     19 -0.110015E-18 -0.162745E-17 -0.130104E-17  0.430760E-17 -0.174792E-17
     20 -0.284350E-17 -0.671071E-17 -0.188761E+00  0.208738E-17 -0.617736E-17
     21  0.382105E-17  0.106961E-16  0.989836E+00 -0.589352E-17  0.839243E-18
     22  0.438425E-01  0.571653E+00  0.737375E-17  0.346945E-17  0.655856E-02
     23 -0.328735E-18 -0.487853E-17 -0.260209E-17  0.117923E-16  0.848833E-18
     24 -0.558097E-17 -0.111801E-16 -0.103560E+01  0.806065E-17  0.120652E-16
     25  0.378178E-18  0.547388E-17  0.624485E+00 -0.132475E-17  0.557305E-17
     26  0.327906E-18  0.575627E-17  0.216730E+00 -0.374165E-17  0.481825E-17
     27  0.102852E-16  0.108374E-16  0.197225E+01 -0.584486E-17  0.181437E-17
     28  0.677626E-19 -0.460786E-18 -0.123478E-17  0.356191E+00  0.130104E-17
     29 -0.764877E-01 -0.775368E+00 -0.782213E-17  0.140946E-17 -0.143751E+00
     30  0.704021E-18  0.449890E-17  0.346945E-17 -0.121135E-16  0.134608E-17
     31 -0.309360E-22 -0.159003E-18 -0.309122E-02 -0.319173E-18  0.111377E-18
     32 -0.561608E-18 -0.228044E-17 -0.187996E+00 -0.255684E-17  0.711938E-18
     33  0.100485E-02 -0.151602E+00 -0.104561E-17 -0.290826E+00 -0.115065E-01
     34  0.113574E-17  0.398088E-17  0.348758E+00  0.309492E-17 -0.165544E-17
     35 -0.378142E-18 -0.160382E-18 -0.281127E-01 -0.604308E-18 -0.227091E-17
     36 -0.114029E-17 -0.399757E-17 -0.341832E+00  0.273689E-19 -0.111368E-18
     37  0.130719E-01 -0.424021E-01 -0.186885E-18 -0.848732E-01 -0.396830E+00
     38  0.228030E-17  0.793884E-17  0.627307E+00 -0.330934E-17 -0.613061E-19
     39  0.556116E-18  0.339432E-17  0.139194E+00 -0.326573E-18 -0.697642E-17
     40 -0.171485E-19 -0.788473E-18 -0.894190E-01 -0.942121E-18  0.267902E-18
     41 -0.137271E-17 -0.497488E-17 -0.416233E+00 -0.458206E-17  0.289018E-17
     42 -0.175435E-18 -0.518185E-18 -0.247772E-01 -0.903846E-18 -0.116593E-17
     43 -0.323087E-03  0.123437E+00  0.205084E-17  0.179897E+00  0.850680E-01
     44  0.661005E-03 -0.707773E-01 -0.395439E-18 -0.134578E+00 -0.104285E+00
     45  0.883228E-18  0.622184E-18  0.191916E+00  0.158207E-17  0.349801E-17
     46 -0.310445E-21 -0.104213E-19  0.405296E-02 -0.209357E-19 -0.414471E-19
     47 -0.471755E-19 -0.144861E-18 -0.162043E-01 -0.820882E-19 -0.707304E-18
     48 -0.901295E-05 -0.116124E-01 -0.161522E-01 -0.204016E-01  0.753718E-02
     49  0.192522E-02 -0.200154E-01 -0.178978E+00 -0.266658E-01 -0.715279E-01
     50  0.901295E-05  0.116124E-01 -0.161522E-01  0.204016E-01 -0.753718E-02
     51 -0.192522E-02  0.200154E-01 -0.178978E+00  0.266658E-01  0.715279E-01
     52 -0.384660E-22 -0.948636E-18 -0.309122E-02  0.200822E-17  0.137413E-17
     53 -0.134647E-17 -0.616852E-17 -0.187996E+00  0.101286E-16  0.367022E-16
     54  0.100485E-02 -0.151602E+00 -0.906506E-17  0.290826E+00 -0.115065E-01
     55 -0.280280E-17 -0.522636E-17 -0.348758E+00  0.745937E-17  0.609184E-16
     56 -0.142012E-17  0.289003E-16 -0.281127E-01 -0.520124E-16 -0.104403E-17
     57 -0.309728E-17 -0.640647E-17 -0.341832E+00  0.680736E-17  0.498703E-16
     58  0.130719E-01 -0.424021E-01 -0.685712E-16  0.848732E-01 -0.396830E+00
     59 -0.595525E-17 -0.115987E-16 -0.627307E+00  0.779282E-17  0.945651E-16
     60 -0.228686E-17  0.272039E-17  0.139194E+00 -0.160051E-16  0.350526E-16
     61  0.210067E-19 -0.145402E-16 -0.894190E-01  0.221454E-16 -0.984883E-17
     62 -0.263342E-17 -0.109858E-16 -0.416233E+00  0.103292E-16  0.761906E-16
     63 -0.793630E-18  0.111447E-16 -0.247772E-01 -0.214087E-16  0.234635E-16
     64  0.323087E-03 -0.123437E+00 -0.632221E-16  0.179897E+00 -0.850680E-01
     65  0.661005E-03 -0.707773E-01  0.304974E-17  0.134578E+00 -0.104285E+00
     66 -0.201605E-17  0.195669E-16 -0.191916E+00 -0.269639E-16  0.457860E-16
     67  0.901295E-05  0.116124E-01 -0.161522E-01 -0.204016E-01 -0.753718E-02
     68 -0.192522E-02  0.200154E-01 -0.178978E+00 -0.266658E-01  0.715279E-01
     69 -0.901295E-05 -0.116124E-01 -0.161522E-01  0.204016E-01  0.753718E-02
     70  0.192522E-02 -0.200154E-01 -0.178978E+00  0.266658E-01 -0.715279E-01
     71 -0.460574E-20  0.276472E-17  0.405296E-02 -0.636969E-17 -0.487891E-18
     72 -0.921572E-18  0.298156E-18 -0.162043E-01 -0.558364E-17  0.185399E-16
                6             7             8             9            10
      6 -0.000000E+00
      7  0.683471E-01 -0.000000E+00
      8 -0.000000E+00 -0.156125E-16 -0.000000E+00
      9  0.186160E-16  0.797226E+00 -0.156014E-16 -0.000000E+00
     10  0.570558E-17 -0.535094E-01 -0.339628E-17 -0.108229E-16 -0.000000E+00
     11 -0.000000E+00  0.453951E-01 -0.000000E+00 -0.320934E-16 -0.149062E-16
     12 -0.570558E-17 -0.384225E+00  0.339628E-17 -0.138016E-16 -0.105560E-16
     13  0.287314E-17  0.109563E-16 -0.165818E-01 -0.433681E-17  0.867362E-17
     14  0.302179E+00  0.563628E-17  0.210911E-17  0.361327E-01  0.299227E+01
     15 -0.884090E-17 -0.867362E-18  0.119928E-16 -0.109563E-16 -0.103769E-16
     16  0.608926E-18  0.473310E-01 -0.126215E-19  0.488049E-18  0.336806E-19
     17  0.356305E-17  0.321165E+00 -0.608168E-18  0.128035E-17  0.157290E-17
     18  0.123616E+01  0.530035E-18 -0.372694E-19  0.836118E+00  0.398677E+00
     19 -0.106646E-17  0.433681E-18  0.212284E-17 -0.338679E-18 -0.159296E-18
     20 -0.188999E-17  0.102555E+01  0.376139E-18  0.240113E-17 -0.187184E-17
     21  0.676878E-17  0.502038E+00 -0.331133E-17 -0.260087E-17  0.279518E-17
     22  0.444534E+00  0.740157E-18  0.108420E-17 -0.129672E+00  0.609029E+00
     23 -0.420732E-17  0.607153E-17  0.846824E-17  0.272936E-17  0.319370E-18
     24 -0.450351E-17  0.674070E-01  0.335694E-17  0.140734E-16 -0.809003E-18
     25  0.397797E-17  0.529726E+00 -0.764571E-18  0.229591E-17  0.404027E-17
     26  0.424861E-17  0.264679E+00 -0.222040E-17  0.105624E-17  0.101483E-17
     27  0.443931E-17  0.367393E+00 -0.107818E-17 -0.394836E-17  0.289745E-17
     28  0.542101E-18  0.318238E-18  0.240668E+00  0.130104E-17  0.433681E-18
     29 -0.217019E+00  0.626679E-18  0.257498E-18  0.388005E+00 -0.878158E+00
     30  0.169120E-17 -0.260209E-17 -0.251805E-17 -0.198253E-17  0.109494E-18
     31 -0.259030E-18 -0.131408E-01 -0.513644E-18 -0.112629E-18 -0.982709E-20
     32 -0.177542E-17 -0.123101E+00 -0.182822E-17 -0.116266E-17 -0.124693E-17
     33 -0.268986E+00 -0.775678E-18 -0.503855E+00 -0.204021E+00 -0.984639E-01
     34  0.200983E-17  0.157883E+00  0.126117E-17  0.127524E-17  0.221937E-17
     35  0.488720E-18  0.383458E+00  0.615008E-18 -0.257979E-17 -0.541682E-18
     36 -0.302453E-17 -0.203528E+00 -0.460524E-18 -0.239837E-17 -0.295606E-17
     37 -0.105580E+00 -0.439663E-18 -0.180146E+00 -0.323456E+00 -0.137261E+00
     38  0.548321E-17  0.305897E+00 -0.264298E-17  0.423621E-17  0.587078E-17
     39  0.342511E-17  0.224223E+00  0.246025E-18 -0.711270E-17  0.185349E-18
     40 -0.927415E-18 -0.135628E+00 -0.133054E-17 -0.513708E-18 -0.661877E-18
     41 -0.251046E-17 -0.207094E+00 -0.202624E-17 -0.151592E-17 -0.246704E-17
     42 -0.767061E-18  0.246207E-01 -0.103813E-17 -0.940305E-18 -0.362447E-18
     43  0.719038E-01  0.985793E-18  0.552344E-01  0.122963E+00  0.181171E+00
     44 -0.543507E-01  0.601224E-20 -0.103181E+00 -0.157657E+00 -0.465929E-01
     45 -0.473392E-18 -0.458187E-01 -0.357452E-18  0.300846E-17  0.109466E-17
     46 -0.293236E-19  0.405975E-01 -0.681074E-19 -0.329490E-18 -0.649428E-20
     47 -0.130253E-18  0.187792E-01 -0.116979E-18 -0.131283E-17 -0.316203E-18
     48 -0.384093E-01 -0.912319E-01 -0.694085E-01 -0.123750E-01 -0.969000E-02
     49 -0.434968E-01 -0.181608E+00 -0.642889E-01 -0.759471E-01 -0.507371E-01
     50  0.384093E-01 -0.912319E-01  0.694085E-01  0.123750E-01  0.969000E-02
     51  0.434968E-01 -0.181608E+00  0.642889E-01  0.759471E-01  0.507371E-01
     52 -0.202060E-17 -0.131408E-01  0.613527E-18  0.265519E-17  0.576874E-18
     53 -0.855313E-17 -0.123101E+00  0.140902E-16  0.240915E-16  0.265157E-16
     54 -0.268986E+00  0.475236E-16  0.503855E+00 -0.204021E+00 -0.984639E-01
     55  0.245423E-17 -0.157883E+00 -0.332893E-17  0.272280E-16  0.435618E-16
     56  0.570225E-16  0.383458E+00 -0.110171E-15 -0.421099E-16 -0.511026E-17
     57 -0.294007E-17 -0.203528E+00  0.576060E-17  0.306883E-16  0.105191E-16
     58 -0.105580E+00 -0.121848E-16  0.180146E+00 -0.323456E+00 -0.137261E+00
     59 -0.134746E-18 -0.305897E+00  0.241135E-17  0.482392E-16  0.229312E-16
     60  0.228445E-16  0.224223E+00 -0.489059E-16 -0.333301E-17 -0.147685E-16
     61  0.299524E-17 -0.135628E+00  0.174358E-16 -0.217691E-16 -0.586196E-17
     62  0.170947E-17 -0.207094E+00  0.796727E-17  0.512509E-16  0.654844E-16
     63  0.409344E-18  0.246207E-01 -0.145708E-16  0.308319E-16 -0.403198E-18
     64 -0.719038E-01 -0.116596E-16  0.552344E-01 -0.122963E+00 -0.181171E+00
     65 -0.543507E-01  0.320479E-16  0.103181E+00 -0.157657E+00 -0.465929E-01
     66  0.132448E-16  0.458187E-01 -0.125997E-16  0.198685E-16  0.235765E-16
     67  0.384093E-01 -0.912319E-01 -0.694085E-01  0.123750E-01  0.969000E-02
     68  0.434968E-01 -0.181608E+00 -0.642889E-01  0.759471E-01  0.507371E-01
     69 -0.384093E-01 -0.912319E-01  0.694085E-01 -0.123750E-01 -0.969000E-02
     70 -0.434968E-01 -0.181608E+00  0.642889E-01 -0.759471E-01 -0.507371E-01
     71  0.937835E-17  0.405975E-01 -0.227682E-16  0.477049E-17 -0.460786E-18
     72  0.617995E-17  0.187792E-01 -0.173472E-16  0.147451E-16 -0.650521E-18
               11            12            13            14            15
     11 -0.000000E+00
     12 -0.149062E-16 -0.000000E+00
     13 -0.477049E-17  0.271051E-17 -0.000000E+00
     14  0.427181E+00 -0.199053E+01 -0.106244E-16 -0.000000E+00
     15 -0.452046E-16  0.153044E-16  0.229018E+01  0.975782E-17 -0.000000E+00
     16  0.466616E-19  0.266337E-17 -0.000000E+00  0.604212E-01 -0.617400E-19
     17  0.315008E-17  0.930891E-17  0.433681E-18  0.641728E+00 -0.218436E-17
     18  0.162016E+00  0.437736E+01 -0.728443E-18  0.535011E-17 -0.000000E+00
     19 -0.187902E-17 -0.210930E-17  0.209935E+00  0.108420E-17  0.709376E-17
     20 -0.417342E-17 -0.617407E-17 -0.108420E-17  0.594877E+00  0.194900E-17
     21  0.107263E-16  0.746590E-17  0.130104E-17  0.390668E+00  0.108359E-17
     22  0.161521E+00  0.764203E+00 -0.435727E-17  0.336911E-17  0.346945E-17
     23 -0.101350E-16 -0.259999E-17  0.403880E+00 -0.000000E+00 -0.388120E-18
     24 -0.142798E-16 -0.466078E-17 -0.867362E-18  0.412928E+00 -0.909293E-17
     25  0.269859E-17  0.666789E-17 -0.108420E-18  0.103862E+01 -0.185228E-17
     26  0.800583E-17  0.539932E-17 -0.867362E-18  0.291644E+00 -0.391822E-17
     27  0.107044E-16 -0.797697E-18  0.216840E-17  0.268616E+00 -0.711958E-19
     28  0.121973E-17  0.216840E-17  0.567856E-17 -0.172985E-17  0.645329E+00
     29 -0.254390E+00 -0.715505E+00  0.273733E-17 -0.625344E-17 -0.151788E-17
     30  0.784091E-17  0.130353E-17 -0.564097E+00  0.260209E-17 -0.769397E-17
     31 -0.383897E-18 -0.634601E-19 -0.503805E-02  0.300153E-02  0.258692E-18
     32 -0.308787E-17 -0.869599E-18 -0.172502E+00  0.852075E-01  0.975711E-18
     33 -0.350274E+00  0.117915E-01 -0.155820E-17  0.501789E-18  0.129563E+00
     34  0.453896E-17  0.172295E-17  0.248334E+00 -0.161273E+00 -0.174056E-17
     35 -0.106862E-17  0.193512E-17  0.241481E-01 -0.109025E+00 -0.255679E-17
     36 -0.397349E-17 -0.202946E-17 -0.111666E+00 -0.668034E-02 -0.614468E-18
     37 -0.119599E+00  0.113340E+00 -0.143018E-17 -0.539514E-18 -0.666757E-01
     38  0.785829E-17  0.403502E-17  0.870227E-01  0.116513E-01  0.155307E-17
     39  0.289583E-17  0.514653E-17  0.816836E-01 -0.265206E+00  0.517583E-18
     40 -0.118930E-17 -0.222385E-18 -0.160717E+00  0.300528E-01  0.534660E-18
     41 -0.511788E-17 -0.243691E-17 -0.347009E+00  0.277259E+00  0.345617E-17
     42 -0.105371E-17  0.338715E-18  0.126554E-01 -0.590825E-01 -0.209655E-17
     43  0.263428E+00 -0.784675E-01  0.309045E-17 -0.149276E-17 -0.282190E-01
     44 -0.221356E+00  0.562404E-01 -0.920027E-18 -0.101952E-17 -0.854146E-01
     45  0.236097E-17 -0.391241E-17  0.131161E+00  0.712874E-01  0.408526E-17
     46 -0.287968E-19  0.546891E-20  0.572925E-02 -0.271559E-02 -0.665963E-19
     47 -0.160893E-18  0.141431E-18 -0.142374E-02 -0.287069E-01 -0.331884E-18
     48 -0.195097E-01 -0.266937E-02 -0.196071E-01  0.137805E-01  0.146717E-01
     49 -0.355795E-01  0.270416E-01 -0.703827E-01  0.352284E-01 -0.638801E-02
     50  0.195097E-01  0.266937E-02 -0.196071E-01  0.137805E-01 -0.146717E-01
     51  0.355795E-01 -0.270416E-01 -0.703827E-01  0.352284E-01  0.638801E-02
     52 -0.216686E-17 -0.117664E-17  0.503805E-02  0.300153E-02 -0.192144E-17
     53 -0.409799E-17 -0.194617E-16  0.172502E+00  0.852075E-01 -0.239769E-16
     54 -0.350274E+00  0.117915E-01 -0.270013E-16  0.118728E-16 -0.129563E+00
     55 -0.357184E-17 -0.412343E-16  0.248334E+00  0.161273E+00 -0.421856E-16
     56  0.640759E-16  0.170934E-16 -0.241481E-01 -0.109025E+00  0.413270E-16
     57 -0.546151E-17 -0.175700E-16  0.111666E+00 -0.668034E-02 -0.136176E-16
     58 -0.119599E+00  0.113340E+00  0.476318E-17  0.194132E-16  0.666757E-01
     59 -0.395190E-17 -0.342738E-16  0.870227E-01 -0.116513E-01 -0.114075E-16
     60  0.214291E-16  0.603811E-17 -0.816836E-01 -0.265206E+00  0.138050E-16
     61 -0.594354E-16  0.780219E-17  0.160717E+00  0.300528E-01 -0.917015E-17
     62 -0.769548E-17 -0.650966E-16  0.347009E+00  0.277259E+00 -0.637501E-16
     63  0.387396E-16 -0.373621E-17 -0.126554E-01 -0.590825E-01 -0.865566E-17
     64 -0.263428E+00  0.784675E-01  0.294601E-16  0.571794E-16 -0.282190E-01
     65 -0.221356E+00  0.562404E-01 -0.394006E-16  0.796915E-17  0.854146E-01
     66  0.414313E-16  0.453000E-17  0.131161E+00 -0.712874E-01 -0.702849E-17
     67  0.195097E-01  0.266937E-02  0.196071E-01  0.137805E-01  0.146717E-01
     68  0.355795E-01 -0.270416E-01  0.703827E-01  0.352284E-01 -0.638801E-02
     69 -0.195097E-01 -0.266937E-02  0.196071E-01  0.137805E-01 -0.146717E-01
     70 -0.355795E-01  0.270416E-01  0.703827E-01  0.352284E-01  0.638801E-02
     71  0.739968E-17  0.765718E-18 -0.572925E-02 -0.271559E-02  0.151788E-17
     72  0.775205E-17 -0.428260E-17  0.142374E-02 -0.287069E-01 -0.314419E-17
               16            17            18            19            20
     16 -0.000000E+00
     17 -0.000000E+00 -0.000000E+00
     18 -0.170049E+01 -0.771421E+00 -0.286520E-48
     19 -0.000000E+00 -0.000000E+00  0.433681E-17 -0.000000E+00
     20  0.242284E-16  0.109281E-16  0.460485E+02 -0.327007E-17  0.240741E-34
     21 -0.000000E+00 -0.000000E+00  0.292143E+00 -0.000000E+00 -0.422018E-17
     22 -0.189178E+00 -0.690081E+00  0.241740E-17  0.867362E-18 -0.509311E+01
     23 -0.000000E+00 -0.000000E+00  0.216840E-18 -0.000000E+00  0.639310E-18
     24  0.271709E-17  0.973810E-17  0.543197E+01 -0.271576E-17 -0.241740E-17
     25  0.469926E-18  0.480595E-17 -0.804706E+00 -0.138038E-17 -0.629811E-17
     26 -0.000000E+00 -0.000000E+00  0.370561E+00 -0.000000E+00 -0.611491E-17
     27 -0.469926E-18 -0.480595E-17  0.360956E+00  0.138038E-17  0.131386E-16
     28 -0.433681E-18 -0.346945E-17 -0.344314E-18 -0.103088E+01  0.650521E-18
     29  0.576918E-01  0.574925E+00  0.144825E-16 -0.195156E-17 -0.131729E+01
     30 -0.342676E-18 -0.342435E-17  0.108420E-18  0.169905E-16  0.344314E-18
     31 -0.225496E-34 -0.442439E-23 -0.566496E-07 -0.991285E-23  0.157558E-22
     32 -0.582276E-21 -0.426171E-19 -0.327992E-02 -0.383523E-19  0.756560E-19
     33 -0.121050E-04 -0.224436E-02 -0.150240E-19 -0.177274E-02  0.384516E-02
     34  0.130548E-20  0.758566E-19  0.617627E-02  0.504335E-19 -0.133721E-18
     35 -0.198418E-20 -0.860966E-19 -0.773343E-02 -0.778228E-19  0.135869E-18
     36 -0.841293E-19 -0.643680E-18 -0.182236E+00 -0.148152E-18  0.612616E-18
     37 -0.395622E-02 -0.451679E-01 -0.164243E-18 -0.179158E-01 -0.577252E-01
     38  0.168107E-18  0.116544E-17  0.350190E+00 -0.687746E-19 -0.111043E-17
     39 -0.204892E-18 -0.116806E-17 -0.417355E+00 -0.299256E-18  0.691389E-18
     40 -0.126665E-23 -0.274956E-20 -0.423440E-03 -0.373307E-20  0.638082E-20
     41 -0.114954E-21 -0.372665E-19 -0.205959E-02 -0.289652E-19  0.818340E-19
     42 -0.245658E-21 -0.510620E-19 -0.258850E-02 -0.668977E-19  0.923480E-19
     43  0.140518E-05  0.177697E-02  0.115491E-19  0.138509E-02 -0.386010E-02
     44 -0.212415E-05 -0.202416E-02 -0.147242E-19 -0.210899E-02  0.400423E-02
     45  0.283518E-21  0.674991E-19  0.364732E-02  0.671208E-19 -0.133496E-18
     46 -0.155394E-22 -0.245656E-20 -0.124641E-03 -0.484572E-20  0.314160E-20
     47 -0.414959E-19 -0.255369E-18 -0.857977E-01 -0.142057E-18  0.135136E-18
     48 -0.122519E-08 -0.754423E-05 -0.825081E-05 -0.701474E-05  0.184120E-04
     49 -0.316769E-03 -0.535804E-02 -0.312806E-01 -0.197755E-02 -0.171563E-02
     50  0.122519E-08  0.754423E-05 -0.825081E-05  0.701474E-05 -0.184120E-04
     51  0.316769E-03  0.535804E-02 -0.312806E-01  0.197755E-02  0.171563E-02
     52  0.388385E-33  0.350417E-22 -0.566496E-07 -0.783670E-22 -0.103388E-21
     53  0.332562E-20  0.626723E-18 -0.327992E-02 -0.428992E-18 -0.105410E-17
     54 -0.121050E-04 -0.224436E-02 -0.371608E-18  0.177274E-02  0.384516E-02
     55  0.748132E-20  0.115734E-17 -0.617627E-02 -0.612019E-18 -0.200785E-17
     56  0.113008E-19  0.130923E-17 -0.773343E-02 -0.968565E-18 -0.187359E-17
     57  0.405462E-18  0.484302E-17 -0.182236E+00 -0.155137E-17  0.798708E-17
     58 -0.395622E-02 -0.451679E-01 -0.390358E-16  0.179158E-01 -0.577252E-01
     59  0.798258E-18  0.835087E-17 -0.350190E+00 -0.104426E-17  0.159104E-16
     60  0.127193E-17  0.105196E-16 -0.417355E+00 -0.414346E-17  0.298655E-16
     61 -0.189024E-21 -0.208811E-18 -0.423440E-03  0.184957E-18  0.456918E-18
     62  0.706063E-21  0.801823E-18 -0.205959E-02 -0.440603E-18 -0.176451E-17
     63  0.162232E-20  0.910182E-18 -0.258850E-02 -0.878617E-18 -0.166313E-17
     64 -0.140518E-05 -0.177697E-02 -0.563232E-19  0.138509E-02  0.386010E-02
     65 -0.212415E-05 -0.202416E-02 -0.515536E-20  0.210899E-02  0.400423E-02
     66  0.185172E-20  0.137033E-17 -0.364732E-02 -0.102154E-17 -0.276881E-17
     67  0.122519E-08  0.754423E-05 -0.825081E-05 -0.701474E-05 -0.184120E-04
     68  0.316769E-03  0.535804E-02 -0.312806E-01 -0.197755E-02  0.171563E-02
     69 -0.122519E-08 -0.754423E-05 -0.825081E-05  0.701474E-05  0.184120E-04
     70 -0.316769E-03 -0.535804E-02 -0.312806E-01  0.197755E-02 -0.171563E-02
     71  0.238228E-21  0.660686E-19 -0.124641E-03 -0.118585E-18 -0.686097E-19
     72  0.531937E-18  0.485180E-17 -0.857977E-01 -0.319840E-17  0.124548E-16
               21            22            23            24            25
     21 -0.000000E+00
     22 -0.538558E+00 -0.000000E+00
     23 -0.000000E+00  0.346945E-17 -0.000000E+00
     24  0.843314E-17  0.163678E+01 -0.326988E-17 -0.000000E+00
     25  0.291675E-17  0.162010E+00 -0.879596E-18 -0.812669E-17 -0.000000E+00
     26 -0.000000E+00  0.521244E+00 -0.000000E+00 -0.980126E-17 -0.302621E-17
     27 -0.291675E-17  0.686684E+00  0.879596E-18 -0.320697E-17 -0.520247E-17
     28  0.303577E-17  0.152782E-17 -0.304708E+00 -0.433681E-18  0.433681E-18
     29  0.326524E+00  0.558338E-17 -0.108420E-17 -0.320321E+00  0.410248E+01
     30 -0.204045E-17 -0.108420E-17  0.557641E-17 -0.152782E-17 -0.227294E-17
     31 -0.320641E-19 -0.569871E-03 -0.793491E-19  0.972367E-19 -0.965969E-23
     32 -0.580983E-18 -0.290291E-01 -0.666465E-18  0.128085E-17 -0.455109E-19
     33 -0.539408E-01 -0.268765E-18 -0.101947E+00  0.136925E+00 -0.434077E-02
     34  0.760956E-18  0.394695E-01  0.576946E-18 -0.175887E-17  0.741020E-19
     35 -0.533968E-18 -0.125832E-01 -0.791445E-18  0.799323E-18 -0.837266E-19
     36 -0.163808E-17 -0.136902E+00 -0.533726E-18  0.255989E-17 -0.635166E-18
     37 -0.130767E+00 -0.621245E-18 -0.104585E+00  0.120762E+00 -0.912229E-01
     38  0.319955E-17  0.223960E+00 -0.934909E-18 -0.461451E-17  0.114391E-17
     39 -0.169620E-17 -0.159871E+00 -0.676793E-18  0.251167E-18 -0.126004E-17
     40 -0.199721E-18 -0.309730E-01 -0.333089E-18  0.470818E-18 -0.107297E-19
     41 -0.759148E-18 -0.382849E-01 -0.644157E-18  0.199951E-17 -0.366498E-19
     42 -0.530010E-18 -0.799611E-02 -0.918030E-18  0.912193E-18 -0.496995E-19
     43  0.351046E-01  0.325369E-18  0.376658E-01 -0.821863E-01  0.329133E-02
     44 -0.469951E-01 -0.324820E-18 -0.870693E-01  0.942131E-01 -0.381730E-02
     45  0.649509E-18  0.286105E-01  0.655828E-18 -0.116558E-17  0.656530E-19
     46 -0.677720E-19  0.189385E-02 -0.172968E-18  0.831069E-19 -0.314173E-20
     47 -0.556722E-18 -0.434595E-01 -0.554048E-18  0.346268E-18 -0.282451E-18
     48 -0.303070E-02 -0.392467E-02 -0.622648E-02  0.969766E-02 -0.364202E-04
     49 -0.241170E-01 -0.516071E-01 -0.208012E-01  0.346272E-01 -0.122167E-01
     50  0.303070E-02 -0.392467E-02  0.622648E-02 -0.969766E-02  0.364202E-04
     51  0.241170E-01 -0.516071E-01  0.208012E-01 -0.346272E-01  0.122167E-01
     52  0.125112E-18 -0.569871E-03  0.155580E-19 -0.129783E-18  0.440050E-21
     53  0.517581E-17 -0.290291E-01 -0.442472E-17 -0.974819E-17  0.125412E-17
     54 -0.539408E-01  0.115783E-16  0.101947E+00  0.136925E+00 -0.434077E-02
     55  0.730141E-17 -0.394695E-01 -0.538815E-17 -0.141399E-16  0.224190E-17
     56  0.925625E-17 -0.125832E-01 -0.121100E-16 -0.193325E-16  0.265507E-17
     57  0.103214E-16 -0.136902E+00 -0.421660E-17 -0.452348E-17  0.991870E-17
     58 -0.130767E+00 -0.800874E-17  0.104585E+00  0.120762E+00 -0.912229E-01
     59  0.187252E-16 -0.223960E+00 -0.183834E-17 -0.736386E-17  0.184898E-16
     60  0.186353E-16 -0.159871E+00 -0.126800E-16 -0.159157E-17  0.210593E-16
     61 -0.293631E-17 -0.309730E-01  0.441781E-17  0.121353E-16 -0.187952E-20
     62  0.729135E-17 -0.382849E-01 -0.396572E-17 -0.134455E-16  0.138762E-17
     63  0.785019E-17 -0.799611E-02 -0.126730E-16 -0.133487E-16  0.163088E-17
     64 -0.351046E-01  0.390711E-17  0.376658E-01  0.821863E-01 -0.329133E-02
     65 -0.469951E-01  0.111456E-16  0.870693E-01  0.942131E-01 -0.381730E-02
     66  0.110713E-16 -0.286105E-01 -0.109505E-16 -0.211152E-16  0.236570E-17
     67  0.303070E-02 -0.392467E-02 -0.622648E-02 -0.969766E-02  0.364202E-04
     68  0.241170E-01 -0.516071E-01 -0.208012E-01 -0.346272E-01  0.122167E-01
     69 -0.303070E-02 -0.392467E-02  0.622648E-02  0.969766E-02 -0.364202E-04
     70 -0.241170E-01 -0.516071E-01  0.208012E-01  0.346272E-01 -0.122167E-01
     71  0.287314E-17  0.189385E-02 -0.802310E-17 -0.471628E-17  0.141455E-18
     72  0.118178E-16 -0.434595E-01 -0.143115E-16 -0.173472E-17  0.851099E-17
               26            27            28            29            30
     26 -0.000000E+00
     27 -0.302621E-17 -0.000000E+00
     28  0.867362E-17  0.260209E-17 -0.000000E+00
     29  0.249524E+00 -0.341195E+01 -0.258842E-17  0.358398E-33
     30 -0.566297E-17  0.226211E-17  0.333664E+01  0.433681E-17 -0.000000E+00
     31 -0.311450E-21 -0.634857E-21 -0.255976E-05  0.409923E-05  0.754344E-21
     32 -0.118883E-18 -0.328003E-18 -0.650657E-02  0.142951E-01  0.235783E-18
     33 -0.588589E-02 -0.178727E-01 -0.511467E-19  0.863620E-19  0.122521E-01
     34  0.133279E-18  0.526363E-18  0.841735E-02 -0.250308E-01 -0.296697E-18
     35 -0.236320E-18 -0.462656E-18 -0.123964E-01  0.217006E-01  0.402284E-18
     36 -0.722600E-18 -0.136010E-17 -0.481618E-01  0.940980E-01  0.194928E-18
     37 -0.500059E-01 -0.914288E-01 -0.172035E-18  0.257144E-18  0.191632E-01
     38  0.117324E-17  0.269969E-17  0.383480E-01 -0.169935E+00  0.359264E-18
     39 -0.130862E-17 -0.137864E-17 -0.919722E-01  0.971715E-01  0.217438E-18
     40 -0.190344E-19 -0.427782E-19 -0.251679E-02  0.434657E-02  0.423728E-19
     41 -0.824865E-19 -0.452756E-18 -0.482068E-02  0.174000E-01  0.259723E-18
     42 -0.233548E-18 -0.365539E-18 -0.805484E-02  0.128241E-01  0.403861E-18
     43  0.455350E-02  0.210947E-01  0.498682E-19 -0.114452E-18 -0.129886E-01
     44 -0.873418E-02 -0.204973E-01 -0.756588E-19  0.116554E-18  0.185530E-01
     45  0.199716E-18  0.649045E-18  0.963985E-02 -0.233148E-01 -0.467281E-18
     46 -0.257418E-19 -0.104621E-19 -0.505491E-03  0.297108E-03  0.215612E-19
     47 -0.419719E-18 -0.341758E-18 -0.325092E-01  0.206010E-01  0.131386E-18
     48 -0.477328E-04 -0.174248E-03 -0.566685E-04  0.130752E-03  0.130288E-03
     49 -0.608868E-02 -0.160672E-01 -0.112068E-01  0.290978E-01  0.426309E-02
     50  0.477328E-04  0.174248E-03 -0.566685E-04  0.130752E-03 -0.130288E-03
     51  0.608868E-02  0.160672E-01 -0.112068E-01  0.290978E-01 -0.426309E-02
     52  0.920247E-21  0.247349E-21  0.255976E-05  0.409923E-05  0.243834E-20
     53  0.106640E-17  0.450372E-17  0.650657E-02  0.142951E-01  0.223060E-17
     54 -0.588589E-02 -0.178727E-01 -0.442218E-19  0.724838E-18 -0.122521E-01
     55  0.133143E-17  0.871656E-17  0.841735E-02  0.250308E-01  0.324762E-17
     56  0.227654E-17  0.705244E-17  0.123964E-01  0.217006E-01  0.412946E-17
     57  0.375153E-17  0.899504E-17  0.481618E-01  0.940980E-01  0.313907E-18
     58 -0.500059E-01 -0.914288E-01  0.622403E-17  0.177543E-16 -0.191632E-01
     59  0.556962E-17  0.164739E-16  0.383480E-01  0.169935E+00 -0.261054E-18
     60  0.110040E-16  0.120491E-16  0.919722E-01  0.971715E-01 -0.131228E-17
     61 -0.716128E-18 -0.252336E-17  0.251679E-02  0.434657E-02 -0.182928E-17
     62  0.978014E-18  0.841460E-17  0.482068E-02  0.174000E-01  0.333733E-17
     63  0.273663E-17  0.660608E-17  0.805484E-02  0.128241E-01  0.559705E-17
     64 -0.455350E-02 -0.210947E-01 -0.325981E-18  0.269264E-18 -0.129886E-01
     65 -0.873418E-02 -0.204973E-01 -0.105068E-17 -0.553106E-18 -0.185530E-01
     66  0.257745E-17  0.117786E-16  0.963985E-02  0.233148E-01  0.665182E-17
     67  0.477328E-04  0.174248E-03  0.566685E-04  0.130752E-03  0.130288E-03
     68  0.608868E-02  0.160672E-01  0.112068E-01  0.290978E-01  0.426309E-02
     69 -0.477328E-04 -0.174248E-03  0.566685E-04  0.130752E-03 -0.130288E-03
     70 -0.608868E-02 -0.160672E-01  0.112068E-01  0.290978E-01 -0.426309E-02
     71  0.677626E-18  0.311708E-18  0.505491E-03  0.297108E-03  0.630193E-18
     72  0.720994E-17  0.585469E-17  0.325092E-01  0.206010E-01 -0.102999E-17
               31            32            33            34            35
     31 -0.000000E+00
     32 -0.000000E+00 -0.000000E+00
     33  0.337600E+00  0.160938E+00 -0.000000E+00
     34 -0.000000E+00 -0.000000E+00  0.695883E-01 -0.000000E+00
     35  0.122229E-16  0.519175E-17  0.107783E+02 -0.341477E-17  0.150463E-35
     36 -0.000000E+00 -0.000000E+00 -0.766624E-01 -0.000000E+00 -0.256791E-17
     37  0.463695E-01  0.164543E+00 -0.482830E-19 -0.726231E-01 -0.160558E+01
     38 -0.000000E+00 -0.000000E+00  0.205109E-01 -0.000000E+00  0.743932E-18
     39  0.155027E-17  0.518663E-17  0.167025E+01 -0.294055E-17  0.482830E-19
     40 -0.195533E-19 -0.807508E-19  0.819893E-01  0.322190E-19 -0.426187E-17
     41 -0.000000E+00 -0.000000E+00 -0.269963E+00 -0.000000E+00 -0.616489E-17
     42  0.195533E-19  0.807508E-19  0.571803E-02 -0.322190E-19  0.514212E-17
     43 -0.148859E-01 -0.648870E-01 -0.601282E-20  0.426017E+00  0.329668E-01
     44  0.214735E-01  0.899202E-01  0.831610E-17 -0.134336E-01  0.249709E+00
     45 -0.736466E-18 -0.295702E-17 -0.287614E-01  0.102564E-16  0.601282E-20
     46  0.453932E-18  0.132570E-17  0.538611E+00  0.133868E-17  0.111168E-18
     47  0.386688E-18  0.130244E-17  0.406363E+00 -0.361318E-19 -0.641991E-18
     48  0.172034E-01  0.520028E-01 -0.523995E+00 -0.746242E-02 -0.784405E+00
     49  0.146626E-01  0.518064E-01 -0.439196E+00 -0.198207E-01 -0.567920E+00
     50 -0.172034E-01 -0.520028E-01 -0.523995E+00  0.746242E-02  0.784405E+00
     51 -0.146626E-01 -0.518064E-01 -0.439196E+00  0.198207E-01  0.567920E+00
     52 -0.899132E-32 -0.696562E-21 -0.205298E-05  0.272373E-20  0.536539E-22
     53 -0.689317E-21 -0.498342E-18 -0.149536E-02  0.119064E-17  0.309920E-19
     54  0.205298E-05  0.149536E-02 -0.568525E-18 -0.354968E-02 -0.420215E-03
     55 -0.268434E-20 -0.119062E-17 -0.354968E-02  0.272494E-17  0.102309E-18
     56 -0.143390E-21 -0.197614E-18  0.420215E-03  0.445659E-18 -0.224149E-18
     57 -0.126383E-18 -0.254794E-17 -0.770910E-02  0.420040E-17  0.432280E-17
     58  0.105953E-02  0.198014E-01 -0.357714E-17 -0.343517E-01 -0.376394E-01
     59 -0.477234E-18 -0.680298E-17 -0.206934E-01  0.100326E-16  0.176337E-16
     60  0.154616E-18  0.181177E-18  0.464124E-01  0.150834E-17 -0.124769E-17
     61  0.314205E-22  0.130685E-18  0.708805E-04 -0.329346E-18 -0.186809E-19
     62 -0.502985E-21 -0.128202E-17 -0.378567E-02  0.314993E-17  0.155569E-18
     63 -0.402557E-23 -0.175293E-18 -0.200813E-03  0.452971E-18 -0.521556E-19
     64  0.469022E-06  0.205266E-02 -0.988800E-18 -0.520621E-02 -0.660809E-03
     65  0.148436E-07  0.502402E-03 -0.689981E-19 -0.129401E-02  0.338263E-03
     66 -0.396021E-22 -0.370922E-18  0.161222E-03  0.924522E-18 -0.357813E-18
     67 -0.365475E-07 -0.970666E-04 -0.730419E-04  0.247339E-03  0.144461E-03
     68 -0.342847E-03 -0.556327E-02 -0.140987E-01  0.934867E-02  0.150638E-01
     69  0.365475E-07  0.970666E-04 -0.730419E-04 -0.247339E-03 -0.144461E-03
     70  0.342847E-03  0.556327E-02 -0.140987E-01 -0.934867E-02 -0.150638E-01
     71 -0.666430E-26 -0.939677E-21  0.882183E-06  0.227640E-20 -0.304402E-21
     72 -0.104820E-19 -0.552265E-18  0.961075E-03  0.104354E-17  0.210064E-18
               36            37            38            39            40
     36 -0.000000E+00
     37  0.139041E+00 -0.000000E+00
     38 -0.000000E+00  0.828302E-01 -0.000000E+00
     39  0.417063E-17  0.748165E+00 -0.298108E-17 -0.000000E+00
     40 -0.327708E-19 -0.196373E-01  0.102832E-19 -0.367937E-17 -0.000000E+00
     41 -0.000000E+00 -0.251686E+00 -0.000000E+00 -0.603175E-17  0.599414E-19
     42  0.327708E-19 -0.982148E-01 -0.102832E-19 -0.257815E-17  0.894080E-19
     43 -0.287427E-01 -0.333222E-19  0.919352E-01  0.326633E-01  0.478730E-01
     44  0.373993E-01  0.107710E-17 -0.800504E-02 -0.899741E-01  0.263121E+01
     45 -0.122824E-17 -0.271053E-02  0.203702E-17  0.333222E-19 -0.126818E-17
     46  0.678914E-18  0.207476E+00  0.556053E-18 -0.793185E-18  0.679785E-18
     47  0.105565E-17  0.166829E+00  0.265986E-19 -0.155330E-17  0.938693E-18
     48  0.284666E-01 -0.269424E+00 -0.275993E-02 -0.364540E+00 -0.398920E+00
     49  0.436546E-01 -0.280528E+00 -0.202507E-01 -0.316512E+00 -0.904549E-01
     50 -0.284666E-01 -0.269424E+00  0.275993E-02  0.364540E+00  0.398920E+00
     51 -0.436546E-01 -0.280528E+00  0.202507E-01  0.316512E+00  0.904549E-01
     52 -0.129518E-18 -0.105953E-02  0.499587E-18  0.266708E-18  0.269538E-22
     53 -0.246374E-17 -0.198014E-01  0.624597E-17  0.241496E-17  0.233641E-19
     54  0.770910E-02 -0.584037E-17 -0.206934E-01 -0.464124E-01 -0.708805E-04
     55 -0.419034E-17 -0.343517E-01  0.101491E-16  0.552527E-17  0.520969E-19
     56  0.274062E-17  0.376394E-01 -0.143630E-16  0.967272E-18 -0.770401E-19
     57 -0.501939E-17 -0.435713E-01  0.108215E-16  0.720504E-17 -0.414504E-18
     58  0.435713E-01 -0.127456E-16 -0.874623E-01 -0.797151E-01  0.331251E-02
     59 -0.108215E-16 -0.874623E-01  0.190513E-16  0.145558E-16 -0.126129E-17
     60  0.322616E-18  0.797151E-01 -0.240546E-19 -0.470424E-17  0.213099E-18
     61  0.888166E-18 -0.331251E-02 -0.357153E-17  0.782956E-19 -0.410103E-19
     62 -0.507985E-17 -0.422190E-01  0.133076E-16  0.672226E-17  0.129069E-18
     63 -0.295065E-17 -0.760448E-02  0.917656E-17  0.233554E-17 -0.371084E-20
     64  0.111735E-01 -0.981483E-17 -0.294365E-01 -0.359576E-01 -0.193383E-03
     65  0.377118E-02  0.590797E-18 -0.103259E-01 -0.217601E-02  0.685770E-04
     66  0.755966E-18  0.179442E-01 -0.202898E-17  0.190045E-17 -0.925871E-19
     67 -0.145919E-02 -0.863201E-02  0.447927E-02  0.113959E-01  0.211846E-04
     68 -0.117644E-01 -0.418367E-01  0.235615E-01  0.354123E-01  0.191883E-02
     69  0.145919E-02 -0.863201E-02 -0.447927E-02 -0.113959E-01 -0.211846E-04
     70  0.117644E-01 -0.418367E-01 -0.235615E-01 -0.354123E-01 -0.191883E-02
     71  0.121973E-18  0.169503E-02 -0.514996E-18  0.393023E-18 -0.663812E-22
     72 -0.173472E-17  0.216933E-02  0.368629E-17  0.140946E-17 -0.213452E-18
               41            42            43            44            45
     41 -0.000000E+00
     42  0.599414E-19 -0.000000E+00
     43 -0.116012E+00 -0.564682E-01 -0.000000E+00
     44  0.143540E+00 -0.260677E+01 -0.250697E-17 -0.447998E-34
     45 -0.588971E-17  0.173095E-17  0.230925E+01  0.659683E-01 -0.000000E+00
     46  0.184935E-17  0.267004E-18  0.323352E+00  0.251416E+00  0.351414E-18
     47  0.127676E-17  0.765681E-18  0.735486E-01  0.734942E-01  0.237660E-19
     48  0.387876E-01  0.469957E+00 -0.185228E-01 -0.266848E+00 -0.149154E-01
     49  0.732358E-01  0.133288E+00  0.820458E-02 -0.890391E-01  0.196158E-02
     50 -0.387876E-01 -0.469957E+00 -0.185228E-01 -0.266848E+00  0.149154E-01
     51 -0.732358E-01 -0.133288E+00  0.820458E-02 -0.890391E-01 -0.196158E-02
     52 -0.502351E-21 -0.399889E-24  0.469022E-06 -0.148436E-07 -0.722604E-22
     53 -0.128009E-17 -0.698938E-19  0.205266E-02 -0.502402E-03  0.320001E-20
     54  0.378567E-02  0.200813E-03  0.899096E-18 -0.490430E-19  0.161222E-03
     55 -0.313871E-17 -0.184326E-18  0.520621E-02 -0.129401E-02 -0.583395E-20
     56 -0.529906E-18 -0.154057E-19 -0.660809E-03 -0.338263E-03  0.446233E-18
     57 -0.497790E-17 -0.116485E-17  0.111735E-01 -0.377118E-02 -0.225873E-17
     58  0.422190E-01  0.760448E-02  0.601442E-17 -0.173206E-18  0.179442E-01
     59 -0.135123E-16 -0.424116E-17  0.294365E-01 -0.103259E-01 -0.623976E-17
     60 -0.106066E-17  0.135791E-17 -0.359576E-01  0.217601E-02  0.189353E-17
     61  0.388002E-18  0.134780E-19 -0.193383E-03 -0.685770E-04 -0.137109E-19
     62 -0.340916E-17 -0.117793E-18  0.518209E-02 -0.111674E-02 -0.461009E-19
     63 -0.384170E-18 -0.353517E-19  0.180475E-03 -0.898789E-05  0.127274E-18
     64  0.518209E-02  0.180475E-03  0.148534E-17 -0.913702E-19  0.258093E-03
     65  0.111674E-02  0.898789E-05  0.100968E-18 -0.976939E-19 -0.616916E-03
     66 -0.930452E-18 -0.305094E-19 -0.258093E-03 -0.616916E-03  0.687802E-18
     67 -0.206281E-03 -0.372907E-04  0.539024E-04 -0.259123E-04 -0.142659E-03
     68 -0.116334E-01 -0.511082E-02  0.117974E-01 -0.364144E-02 -0.933127E-02
     69  0.206281E-03  0.372907E-04  0.539024E-04 -0.259123E-04  0.142659E-03
     70  0.116334E-01  0.511082E-02  0.117974E-01 -0.364144E-02  0.933127E-02
     71 -0.193229E-20 -0.126559E-21 -0.671860E-07 -0.771569E-07  0.721301E-21
     72 -0.115196E-17 -0.111808E-18 -0.697311E-03  0.712873E-04  0.677626E-19
               46            47            48            49            50
     46 -0.000000E+00
     47 -0.000000E+00 -0.000000E+00
     48 -0.382970E-01 -0.627130E-01 -0.000000E+00
     49 -0.592056E-01 -0.622497E-01 -0.000000E+00 -0.000000E+00
     50  0.382970E-01  0.627130E-01 -0.934483E-01 -0.166351E+00 -0.000000E+00
     51  0.592056E-01  0.622497E-01 -0.166351E+00 -0.203298E+00 -0.000000E+00
     52 -0.393292E-27 -0.854775E-20 -0.365475E-07 -0.342847E-03  0.365475E-07
     53  0.205627E-21 -0.561190E-19 -0.970666E-04 -0.556327E-02  0.970666E-04
     54 -0.882183E-06 -0.961075E-03  0.730419E-04  0.140987E-01  0.730419E-04
     55  0.107921E-20 -0.837078E-19 -0.247339E-03 -0.934867E-02  0.247339E-03
     56 -0.498570E-23  0.220270E-18  0.144461E-03  0.150638E-01 -0.144461E-03
     57  0.185392E-18  0.837230E-19 -0.145919E-02 -0.117644E-01  0.145919E-02
     58 -0.169503E-02 -0.216933E-02  0.863201E-02  0.418367E-01  0.863201E-02
     59  0.877058E-18  0.713197E-18 -0.447927E-02 -0.235615E-01  0.447927E-02
     60  0.518284E-19 -0.510447E-18  0.113959E-01  0.354123E-01 -0.113959E-01
     61  0.457963E-23 -0.172728E-19  0.211846E-04  0.191883E-02 -0.211846E-04
     62  0.707267E-22 -0.156834E-18 -0.206281E-03 -0.116334E-01  0.206281E-03
     63 -0.313500E-22 -0.320485E-19 -0.372907E-04 -0.511082E-02  0.372907E-04
     64 -0.671860E-07 -0.697311E-03  0.539024E-04  0.117974E-01  0.539024E-04
     65  0.771569E-07 -0.712873E-04  0.259123E-04  0.364144E-02  0.259123E-04
     66 -0.918164E-22  0.139804E-18  0.142659E-03  0.933127E-02 -0.142659E-03
     67  0.225531E-07  0.195843E-03 -0.127847E-04 -0.550212E-02 -0.000000E+00
     68  0.513275E-03  0.138792E-02 -0.550212E-02 -0.279136E-01 -0.000000E+00
     69 -0.225531E-07 -0.195843E-03 -0.000000E+00 -0.000000E+00  0.127847E-04
     70 -0.513275E-03 -0.138792E-02 -0.000000E+00 -0.000000E+00  0.550212E-02
     71 -0.162912E-24  0.165405E-19  0.225531E-07  0.513275E-03 -0.225531E-07
     72  0.166601E-19 -0.902078E-19  0.195843E-03  0.138792E-02 -0.195843E-03
               51            52            53            54            55
     51 -0.000000E+00
     52  0.342847E-03 -0.000000E+00
     53  0.556327E-02 -0.000000E+00 -0.000000E+00
     54  0.140987E-01  0.337600E+00  0.160938E+00 -0.135525E-19
     55  0.934867E-02 -0.000000E+00 -0.000000E+00 -0.695883E-01 -0.000000E+00
     56 -0.150638E-01  0.239693E-16 -0.307076E-16  0.107783E+02 -0.424991E-16
     57  0.117644E-01 -0.000000E+00 -0.000000E+00 -0.766624E-01 -0.000000E+00
     58  0.418367E-01  0.463695E-01  0.164543E+00  0.297077E-16  0.726231E-01
     59  0.235615E-01 -0.000000E+00 -0.000000E+00 -0.205109E-01 -0.000000E+00
     60 -0.354123E-01 -0.364671E-17 -0.179016E-16  0.167025E+01 -0.345756E-16
     61 -0.191883E-02  0.250888E-16  0.589210E-16  0.819893E-01  0.180488E-16
     62  0.116334E-01 -0.000000E+00 -0.000000E+00 -0.269963E+00 -0.000000E+00
     63  0.511082E-02 -0.216194E-16 -0.866766E-16  0.571803E-02 -0.171814E-16
     64  0.117974E-01  0.148859E-01  0.648870E-01 -0.363936E-17  0.426017E+00
     65  0.364144E-02  0.214735E-01  0.899202E-01  0.820807E-17  0.134336E-01
     66 -0.933127E-02 -0.985269E-17 -0.400606E-16  0.287614E-01 -0.288851E-16
     67 -0.000000E+00 -0.172034E-01 -0.520028E-01 -0.523995E+00 -0.746242E-02
     68 -0.000000E+00 -0.146626E-01 -0.518064E-01 -0.439196E+00 -0.198207E-01
     69  0.550212E-02  0.172034E-01  0.520028E-01 -0.523995E+00  0.746242E-02
     70  0.279136E-01  0.146626E-01  0.518064E-01 -0.439196E+00  0.198207E-01
     71 -0.513275E-03 -0.867362E-18 -0.173472E-16  0.538611E+00  0.208167E-16
     72 -0.138792E-02 -0.260209E-17 -0.138778E-16  0.406363E+00 -0.433681E-17
               56            57            58            59            60
     56  0.173472E-17
     57  0.909828E-17 -0.000000E+00
     58 -0.160558E+01  0.139041E+00 -0.000000E+00
     59  0.920192E-17 -0.000000E+00 -0.828302E-01 -0.000000E+00
     60 -0.366466E-16 -0.223069E-16  0.748165E+00 -0.246355E-16 -0.000000E+00
     61 -0.209591E-16  0.239262E-16 -0.196373E-01  0.529746E-17  0.823416E-16
     62  0.112123E-16 -0.000000E+00 -0.251686E+00 -0.000000E+00  0.141056E-16
     63 -0.293767E-16 -0.273957E-16 -0.982148E-01 -0.529746E-17 -0.629877E-17
     64 -0.329668E-01  0.287427E-01 -0.158378E-16  0.919352E-01 -0.326633E-01
     65  0.249709E+00  0.373993E-01 -0.254125E-16  0.800504E-02 -0.899741E-01
     66  0.298884E-17 -0.148093E-16  0.271053E-02 -0.123612E-16  0.162715E-16
     67  0.784405E+00 -0.284666E-01 -0.269424E+00 -0.275993E-02  0.364540E+00
     68  0.567920E+00 -0.436546E-01 -0.280528E+00 -0.202507E-01  0.316512E+00
     69 -0.784405E+00  0.284666E-01 -0.269424E+00  0.275993E-02 -0.364540E+00
     70 -0.567920E+00  0.436546E-01 -0.280528E+00  0.202507E-01 -0.316512E+00
     71  0.789299E-16 -0.780626E-17  0.207476E+00  0.346945E-17  0.364292E-16
     72  0.520417E-16 -0.121431E-16  0.166829E+00  0.241207E-32  0.346945E-16
               61            62            63            64            65
     61 -0.000000E+00
     62 -0.350002E-16 -0.000000E+00
     63 -0.189227E-15 -0.280614E-16 -0.000000E+00
     64 -0.478730E-01  0.116012E+00  0.564682E-01 -0.000000E+00
     65  0.263121E+01  0.143540E+00 -0.260677E+01 -0.201062E-16  0.512471E-16
     66 -0.236436E-16 -0.806457E-16  0.336218E-16  0.230925E+01 -0.659683E-01
     67  0.398920E+00 -0.387876E-01 -0.469957E+00  0.185228E-01 -0.266848E+00
     68  0.904549E-01 -0.732358E-01 -0.133288E+00 -0.820458E-02 -0.890391E-01
     69 -0.398920E+00  0.387876E-01  0.469957E+00  0.185228E-01 -0.266848E+00
     70 -0.904549E-01  0.732358E-01  0.133288E+00 -0.820458E-02 -0.890391E-01
     71 -0.653774E-16 -0.242861E-16  0.390313E-16 -0.323352E+00  0.251416E+00
     72 -0.362124E-16 -0.346945E-17  0.138778E-16 -0.735486E-01  0.734942E-01
               66            67            68            69            70
     66 -0.000000E+00
     67 -0.149154E-01 -0.000000E+00
     68  0.196158E-02 -0.000000E+00 -0.000000E+00
     69  0.149154E-01  0.934483E-01  0.166351E+00 -0.000000E+00
     70 -0.196158E-02  0.166351E+00  0.203298E+00 -0.000000E+00 -0.000000E+00
     71 -0.390313E-16 -0.382970E-01 -0.592056E-01  0.382970E-01  0.592056E-01
     72 -0.693889E-17 -0.627130E-01 -0.622497E-01  0.627130E-01  0.622497E-01
               71            72
     71 -0.000000E+00
     72 -0.000000E+00 -0.000000E+00
