                1             2             3             4             5
      1 -0.000000E+00
      2 -0.000000E+00 -0.000000E+00
      3 -0.000000E+00 -0.000000E+00 -0.000000E+00
      4 -0.462232E+00 -0.211691E+00 -0.122974E-16 -0.000000E+00
      5 -0.138778E-16 -0.208167E-16  0.226717E-16 -0.102984E+02 -0.000000E+00
      6 -0.000000E+00 -0.000000E+00 -0.000000E+00  0.902437E-01 -0.173472E-17
      7 -0.000000E+00 -0.000000E+00 -0.000000E+00  0.307380E-17 -0.544130E-17
      8 -0.634877E-01 -0.184693E+00 -0.105461E-16  0.596311E-17  0.126750E+01
      9  0.173472E-17  0.173472E-16  0.197779E-16 -0.149636E+01 -0.585469E-17
     10 -0.000000E+00 -0.000000E+00 -0.000000E+00  0.148664E+00 -0.208167E-16
     11 -0.113841E-17  0.542101E-17  0.109525E-16 -0.856389E-01 -0.000000E+00
     12  0.119262E-17 -0.520417E-17 -0.109525E-16  0.160284E+00 -0.346945E-17
     13 -0.285393E-17 -0.114202E-16 -0.266266E+00 -0.197218E-17  0.160514E-16
     14  0.517099E-17  0.216314E-16 -0.416334E-16 -0.139542E-16  0.197218E-17
     15 -0.102254E+00 -0.411669E+00 -0.109517E-16  0.693889E-16 -0.672085E+00
     16  0.211758E-21  0.650521E-18  0.207752E-19 -0.243285E-01 -0.867362E-18
     17  0.650521E-18 -0.173472E-17  0.154147E-17 -0.452118E+00 -0.346945E-17
     18  0.110015E-18  0.162745E-17 -0.433681E-17  0.391341E-18  0.174792E-17
     19 -0.116379E-01 -0.157695E+01 -0.746144E-18 -0.000000E+00 -0.252098E+01
     20 -0.000000E+00  0.173472E-17 -0.208738E-17  0.153749E+00  0.173472E-17
     21  0.104083E-16  0.346945E-17  0.589352E-17 -0.887225E+00 -0.000000E+00
     22  0.328735E-18  0.487853E-17 -0.104083E-16 -0.816486E-18 -0.848833E-18
     23 -0.381668E-01 -0.488923E+00 -0.622119E-17 -0.346945E-17 -0.212226E-01
     24  0.867362E-18  0.693889E-17 -0.806065E-17  0.897910E+00 -0.346945E-17
     25 -0.216840E-18  0.693889E-17  0.323828E-17 -0.189619E+00 -0.520417E-17
     26 -0.379471E-18  0.346945E-17  0.188234E-17 -0.564454E+00 -0.346945E-17
     27 -0.104083E-16 -0.208167E-16  0.584486E-17 -0.187290E+01  0.173472E-17
     28 -0.118289E-18 -0.228433E-17 -0.328528E+00  0.208538E-17 -0.216146E-17
     29 -0.704021E-18 -0.449890E-17  0.693889E-17 -0.840577E-18 -0.134608E-17
     30  0.642735E-01  0.699265E+00  0.350493E-17  0.138778E-16  0.120884E+00
     31 -0.962616E-07  0.324733E-03 -0.109626E-19  0.366790E-02  0.450366E-02
     32 -0.584661E-02 -0.592524E-02 -0.139922E-17  0.163068E+00  0.268650E+00
     33 -0.725648E-19 -0.116434E-17 -0.680118E-03 -0.957324E-18  0.422997E-18
     34  0.108049E-01  0.148354E+00  0.255268E-17 -0.333244E-01 -0.496862E+00
     35 -0.803846E-02  0.215982E+00 -0.628130E-18  0.455198E+00  0.321341E-01
     36 -0.148326E-01 -0.272698E-01 -0.464171E-17  0.284812E+00  0.414310E+00
     37 -0.159817E-18 -0.324040E-17 -0.104048E-01  0.130283E-17  0.314449E-18
     38  0.143283E-01  0.603779E-01  0.843283E-17 -0.446919E+00 -0.372385E+00
     39 -0.199748E-01  0.347260E-02  0.593268E-18  0.105131E-01  0.345579E+00
     40 -0.226314E-03  0.234640E-02 -0.938476E-18  0.337551E-01  0.431232E-01
     41 -0.108392E-01 -0.128993E+00 -0.255905E-17  0.188156E+00  0.521657E+00
     42 -0.516107E-02  0.110035E+00 -0.457317E-18  0.236322E+00  0.199398E+00
     43  0.137768E-18  0.208952E-17  0.464291E-01  0.167518E-17 -0.876678E-18
     44 -0.646807E-19 -0.461526E-18  0.645134E-01 -0.531276E-18 -0.511404E-18
     45  0.122698E-01 -0.939106E-01  0.104073E-17 -0.295504E+00 -0.311669E+00
     46 -0.353279E-04  0.227272E-01 -0.140833E-19  0.484470E-01 -0.368157E-02
     47 -0.712902E-02  0.301944E-02 -0.779947E-18  0.629215E-01  0.158227E+00
     48 -0.261460E-04 -0.113508E-01 -0.537903E-02 -0.117962E-01  0.216259E-01
     49 -0.378436E-02 -0.187586E-01 -0.379340E-02  0.115958E+00  0.142616E+00
     50 -0.261460E-04 -0.113508E-01  0.537903E-02 -0.117962E-01  0.216259E-01
     51 -0.378436E-02 -0.187586E-01  0.379340E-02  0.115958E+00  0.142616E+00
     52  0.962616E-07 -0.324733E-03  0.349920E-18  0.366790E-02 -0.450366E-02
     53  0.584661E-02  0.592524E-02  0.201447E-17  0.163068E+00 -0.268650E+00
     54  0.152379E-17  0.175691E-17  0.680118E-03  0.387863E-16 -0.609184E-16
     55  0.108049E-01  0.148354E+00 -0.384112E-16  0.333244E-01 -0.496862E+00
     56  0.803846E-02 -0.215982E+00  0.524460E-16  0.455198E+00 -0.321341E-01
     57  0.148326E-01  0.272698E-01 -0.518982E-18  0.284812E+00 -0.414310E+00
     58  0.351579E-17  0.552713E-17  0.104048E-01  0.657991E-16 -0.955408E-16
     59  0.143283E-01  0.603779E-01 -0.138183E-16  0.446919E+00 -0.372385E+00
     60  0.199748E-01 -0.347260E-02  0.160051E-16  0.105131E-01 -0.345579E+00
     61  0.226314E-03 -0.234640E-02  0.349685E-17  0.337551E-01 -0.431232E-01
     62  0.108392E-01  0.128993E+00 -0.308960E-16  0.188156E+00 -0.521657E+00
     63  0.516107E-02 -0.110035E+00  0.248781E-16  0.236322E+00 -0.199398E+00
     64  0.249423E-17  0.180690E-16  0.464291E-01  0.571863E-16 -0.103901E-15
     65  0.163658E-17 -0.245542E-16 -0.645134E-01  0.532576E-16 -0.570617E-16
     66  0.122698E-01 -0.939106E-01  0.208181E-16  0.295504E+00 -0.311669E+00
     67  0.261460E-04  0.113508E-01 -0.537903E-02 -0.117962E-01 -0.216259E-01
     68  0.378436E-02  0.187586E-01 -0.379340E-02  0.115958E+00 -0.142616E+00
     69  0.261460E-04  0.113508E-01  0.537903E-02 -0.117962E-01 -0.216259E-01
     70  0.378436E-02  0.187586E-01  0.379340E-02  0.115958E+00 -0.142616E+00
     71  0.353279E-04 -0.227272E-01  0.645100E-17  0.484470E-01  0.368157E-02
     72  0.712902E-02 -0.301944E-02  0.650521E-17  0.629215E-01 -0.158227E+00
                6             7             8             9            10
      6 -0.000000E+00
      7 -0.000000E+00 -0.000000E+00
      8 -0.683471E-01 -0.795315E-17 -0.000000E+00
      9  0.104083E-16  0.156014E-16 -0.522669E+00 -0.000000E+00
     10 -0.000000E+00 -0.000000E+00  0.925425E-01 -0.138778E-16 -0.000000E+00
     11  0.205998E-17  0.339628E-17 -0.262481E-01  0.173472E-16  0.119262E-17
     12 -0.379471E-17 -0.339628E-17  0.326044E+00 -0.000000E+00  0.238524E-17
     13 -0.482915E-17 -0.338037E-01 -0.109563E-16  0.184146E-16 -0.175893E-16
     14  0.884090E-17  0.173472E-17 -0.556417E-17  0.109563E-16  0.320254E-16
     15 -0.153721E+00 -0.342345E-17  0.156125E-16  0.152397E+00 -0.166889E+00
     16  0.216840E-18  0.126215E-19 -0.471132E-01 -0.108420E-17 -0.677626E-19
     17 -0.000000E+00  0.608168E-18 -0.310831E+00  0.130104E-17 -0.000000E+00
     18  0.106646E-17 -0.173472E-17  0.110373E-17  0.338679E-18  0.169917E-17
     19 -0.121775E+01 -0.344414E-18 -0.000000E+00 -0.830305E+00 -0.153300E+00
     20  0.173472E-17 -0.376139E-18 -0.103196E+01  0.867362E-18  0.520417E-17
     21 -0.000000E+00  0.331133E-17 -0.445216E+00 -0.216840E-18  0.121431E-16
     22  0.420732E-17  0.346945E-17  0.244727E-17 -0.272936E-17  0.703732E-17
     23 -0.372651E+00 -0.465794E-17 -0.867362E-17  0.829903E-01 -0.145918E+00
     24 -0.260209E-17 -0.335694E-17 -0.125986E+00 -0.104083E-16 -0.000000E+00
     25  0.867362E-18  0.194652E-17 -0.238382E+00  0.867362E-18 -0.867362E-17
     26  0.173472E-17  0.109266E-17 -0.503809E+00  0.173472E-17 -0.260209E-17
     27  0.520417E-17  0.107818E-17 -0.348513E+00 -0.346945E-17 -0.173472E-16
     28 -0.159932E-17 -0.223354E+00  0.268190E-18 -0.115072E-17 -0.246380E-17
     29 -0.169120E-17 -0.173472E-17 -0.202258E-17  0.198253E-17 -0.666220E-17
     30  0.188300E+00  0.970078E-18  0.433681E-18 -0.354353E+00  0.223909E+00
     31  0.809827E-03 -0.147135E-19  0.145403E-01  0.211896E-01  0.484262E-04
     32  0.970205E-03 -0.816997E-18  0.117791E+00  0.180987E+00 -0.325840E-02
     33 -0.943672E-18  0.148602E-01 -0.988172E-18 -0.664193E-18 -0.140523E-17
     34  0.258968E+00  0.933419E-18  0.332106E+00 -0.563260E-01  0.231427E-01
     35  0.409765E+00  0.197566E-19  0.383835E+00 -0.337092E+00  0.218710E-01
     36 -0.540066E-02 -0.327805E-17  0.172023E+00  0.249726E+00 -0.162741E-01
     37 -0.327805E-17  0.119271E-01  0.100293E-17 -0.259077E-17 -0.467581E-17
     38  0.849162E-01  0.613548E-17 -0.736921E-01 -0.817449E-01  0.234237E-01
     39  0.102086E+00  0.148072E-17  0.594847E-01  0.633302E-01 -0.153771E-01
     40  0.192008E-01 -0.941424E-18  0.778446E-01  0.657687E-01  0.100640E-02
     41 -0.826989E-01 -0.821368E-18  0.114559E+00  0.175525E+00 -0.319106E-01
     42  0.648887E-01 -0.288585E-18  0.109162E+00  0.225202E+00  0.219913E-01
     43  0.117261E-17  0.779601E-01  0.814715E-18  0.721861E-18  0.233818E-17
     44 -0.220961E-19  0.106337E+00  0.232283E-18 -0.110857E-17 -0.696844E-18
     45 -0.746665E-01 -0.166218E-19  0.376753E-02  0.363588E-01 -0.162835E-01
     46  0.770713E-01 -0.283427E-19  0.146495E+00  0.451412E-01  0.263966E-02
     47  0.564506E-01 -0.560210E-18  0.123791E+00  0.145061E+00 -0.554329E-02
     48 -0.366619E-01 -0.214452E-01 -0.424391E-02  0.842548E-01 -0.279793E-02
     49 -0.304378E-01 -0.474308E-02  0.788742E-01  0.143731E+00 -0.706289E-02
     50 -0.366619E-01  0.214452E-01 -0.424391E-02  0.842548E-01 -0.279793E-02
     51 -0.304378E-01  0.474308E-02  0.788742E-01  0.143731E+00 -0.706289E-02
     52 -0.809827E-03  0.416466E-18  0.145403E-01 -0.211896E-01 -0.484262E-04
     53 -0.970205E-03 -0.212454E-18  0.117791E+00 -0.180987E+00  0.325840E-02
     54 -0.719508E-18 -0.148602E-01  0.210766E-16 -0.385037E-16 -0.118463E-17
     55  0.258968E+00 -0.586659E-16 -0.332106E+00 -0.563260E-01  0.231427E-01
     56 -0.409765E+00  0.954261E-16  0.383835E+00  0.337092E+00 -0.218710E-01
     57  0.540066E-02  0.204566E-17  0.172023E+00 -0.249726E+00  0.162741E-01
     58  0.360419E-17 -0.119271E-01  0.330717E-16 -0.521424E-16  0.151900E-17
     59  0.849162E-01 -0.259553E-16  0.736921E-01 -0.817449E-01  0.234237E-01
     60 -0.102086E+00  0.437017E-16  0.594847E-01 -0.633302E-01  0.153771E-01
     61 -0.192008E-01  0.574962E-17  0.778446E-01 -0.657687E-01 -0.100640E-02
     62  0.826989E-01 -0.177086E-16  0.114559E+00 -0.175525E+00  0.319106E-01
     63 -0.648887E-01  0.154381E-16  0.109162E+00 -0.225202E+00 -0.219913E-01
     64  0.371957E-18  0.779601E-01  0.163374E-16 -0.516240E-16 -0.101067E-16
     65 -0.145458E-16 -0.106337E+00  0.253527E-16 -0.294095E-16  0.184531E-16
     66 -0.746665E-01  0.243022E-16 -0.376753E-02  0.363588E-01 -0.162835E-01
     67  0.366619E-01 -0.214452E-01 -0.424391E-02 -0.842548E-01  0.279793E-02
     68  0.304378E-01 -0.474308E-02  0.788742E-01 -0.143731E+00  0.706289E-02
     69  0.366619E-01  0.214452E-01 -0.424391E-02 -0.842548E-01  0.279793E-02
     70  0.304378E-01  0.474308E-02  0.788742E-01 -0.143731E+00  0.706289E-02
     71 -0.770713E-01  0.238524E-16  0.146495E+00 -0.451412E-01 -0.263966E-02
     72 -0.564506E-01  0.173472E-16  0.123791E+00 -0.145061E+00  0.554329E-02
               11            12            13            14            15
     11 -0.000000E+00
     12 -0.359955E-16 -0.000000E+00
     13  0.131499E-16 -0.166446E-16 -0.000000E+00
     14  0.218214E-16 -0.153044E-16 -0.195530E+01 -0.000000E+00
     15 -0.231215E+01  0.173024E+01  0.315010E-16 -0.965190E-17 -0.000000E+00
     16  0.271051E-19 -0.346945E-17  0.974792E-20  0.617400E-19 -0.593773E-01
     17 -0.173472E-17  0.173472E-16  0.281146E-18  0.218436E-17 -0.603770E+00
     18  0.366260E-18  0.210930E-17 -0.187304E+00  0.173472E-17  0.825326E-18
     19 -0.372090E+00 -0.434038E+01  0.106902E-17 -0.128999E-17 -0.346945E-17
     20  0.433681E-17 -0.520417E-17 -0.473646E-18 -0.194900E-17 -0.627624E+00
     21 -0.173472E-17 -0.346945E-17 -0.182404E-17 -0.108359E-17 -0.408890E+00
     22  0.242593E-17  0.259999E-17 -0.292464E+00 -0.000000E+00  0.221206E-17
     23 -0.459231E+00 -0.719938E+00  0.911877E-17 -0.111153E-17 -0.867362E-18
     24 -0.867362E-17  0.683047E-17  0.211092E-17  0.909293E-17 -0.256607E+00
     25  0.173472E-17  0.173472E-17  0.410549E-18  0.372762E-17 -0.261162E+00
     26 -0.000000E+00 -0.346945E-17 -0.191488E-17  0.225971E-17 -0.967861E+00
     27  0.520417E-17 -0.000000E+00  0.904089E-18  0.711958E-19 -0.267259E+00
     28 -0.524393E-18 -0.277756E-17  0.173472E-17 -0.618791E+00  0.238523E-17
     29 -0.134242E-17 -0.130353E-17  0.467645E+00  0.173472E-17 -0.237299E-17
     30  0.772170E+00  0.693325E+00 -0.490292E-17  0.341803E-17  0.693889E-17
     31  0.617311E-02 -0.530998E-02 -0.221737E-19  0.902577E-20  0.412082E-02
     32  0.164053E+00 -0.166345E+00 -0.121370E-17  0.862784E-18  0.147881E+00
     33 -0.118926E-17 -0.431502E-18  0.566146E-01  0.864021E-01  0.449926E-18
     34  0.891387E-01  0.297573E+00  0.136124E-17 -0.152464E-17 -0.315029E+00
     35  0.483015E+00  0.134667E+00 -0.534666E-18 -0.823662E-18 -0.193978E+00
     36  0.103534E+00 -0.135309E+00  0.250964E-17  0.111696E-17  0.127271E+00
     37 -0.274497E-17 -0.102670E-17  0.813056E-01  0.110706E+00 -0.939251E-18
     38  0.692869E-03  0.121854E+00 -0.852064E-17 -0.275197E-17 -0.607749E-01
     39  0.619284E-01  0.842483E-02  0.887525E-18 -0.579167E-17  0.131802E+00
     40  0.492686E-01 -0.433787E-01 -0.142158E-17  0.664305E-18  0.363692E-01
     41  0.740452E-01 -0.411145E+00 -0.217141E-17  0.200746E-17  0.258493E+00
     42  0.344609E+00 -0.199543E-01 -0.582236E-18 -0.397778E-18  0.128010E+00
     43  0.191889E-17  0.864290E-18 -0.234723E-01 -0.183195E+00 -0.115181E-17
     44 -0.829082E-18  0.489030E-18  0.156565E+00  0.248628E-01 -0.697548E-18
     45 -0.283229E+00 -0.734426E-02  0.108162E-17  0.965299E-18 -0.912984E-01
     46  0.538490E-01  0.603833E-02 -0.281834E-19 -0.990814E-20 -0.994315E-02
     47  0.646671E-01 -0.346845E-01  0.157776E-18 -0.435263E-18  0.579195E-01
     48 -0.871691E-02 -0.196355E-01 -0.332050E-02  0.988737E-02  0.216077E-01
     49  0.327181E-01 -0.717536E-01  0.222511E-01  0.266517E-01  0.423593E-01
     50 -0.871691E-02 -0.196355E-01  0.332050E-02 -0.988737E-02  0.216077E-01
     51  0.327181E-01 -0.717536E-01 -0.222511E-01 -0.266517E-01  0.423593E-01
     52 -0.617311E-02  0.530998E-02 -0.592326E-18  0.837239E-18  0.412082E-02
     53 -0.164053E+00  0.166345E+00 -0.133505E-16  0.317832E-16  0.147881E+00
     54 -0.381548E-16  0.390659E-16  0.566146E-01 -0.864021E-01  0.328538E-16
     55  0.891387E-01  0.297573E+00  0.339890E-16  0.660104E-16  0.315029E+00
     56 -0.483015E+00 -0.134667E+00 -0.105994E-15 -0.369902E-16 -0.193978E+00
     57 -0.103534E+00  0.135309E+00 -0.827335E-17  0.149186E-16  0.127271E+00
     58 -0.244014E-16  0.303706E-16  0.813056E-01 -0.110706E+00  0.269684E-16
     59  0.692869E-03  0.121854E+00  0.933854E-18  0.149395E-16  0.607749E-01
     60 -0.619284E-01 -0.842483E-02 -0.200298E-16 -0.816719E-17  0.131802E+00
     61 -0.492686E-01  0.433787E-01  0.160619E-16 -0.939551E-17  0.363692E-01
     62 -0.740452E-01  0.411145E+00  0.997710E-17  0.813400E-16  0.258493E+00
     63 -0.344609E+00  0.199543E-01 -0.683706E-16  0.887250E-17  0.128010E+00
     64 -0.421986E-16  0.870176E-16  0.234723E-01 -0.183195E+00  0.567797E-16
     65 -0.877977E-16  0.674570E-17  0.156565E+00 -0.248628E-01  0.136111E-16
     66 -0.283229E+00 -0.734426E-02 -0.613388E-16  0.680732E-17  0.912984E-01
     67  0.871691E-02  0.196355E-01  0.332050E-02  0.988737E-02  0.216077E-01
     68 -0.327181E-01  0.717536E-01 -0.222511E-01  0.266517E-01  0.423593E-01
     69  0.871691E-02  0.196355E-01 -0.332050E-02 -0.988737E-02  0.216077E-01
     70 -0.327181E-01  0.717536E-01  0.222511E-01 -0.266517E-01  0.423593E-01
     71 -0.538490E-01 -0.603833E-02 -0.114925E-16 -0.149078E-17 -0.994315E-02
     72 -0.646671E-01  0.346845E-01 -0.143115E-16  0.390313E-17  0.579195E-01
               16            17            18            19            20
     16 -0.000000E+00
     17 -0.000000E+00 -0.000000E+00
     18 -0.000000E+00 -0.000000E+00 -0.000000E+00
     19  0.170049E+01  0.771421E+00 -0.400592E-17 -0.000000E+00
     20 -0.000000E+00 -0.208167E-16  0.327007E-17 -0.459916E+02 -0.000000E+00
     21 -0.000000E+00 -0.000000E+00 -0.000000E+00 -0.292143E+00 -0.173472E-17
     22 -0.000000E+00 -0.000000E+00 -0.000000E+00  0.795405E-18 -0.639310E-18
     23  0.189178E+00  0.690081E+00 -0.321281E-17  0.173472E-17  0.508217E+01
     24 -0.867362E-18 -0.346945E-17  0.271576E-17 -0.538588E+01 -0.867362E-18
     25 -0.000000E+00 -0.000000E+00 -0.000000E+00 -0.362184E+00 -0.104083E-16
     26  0.975782E-18 -0.000000E+00  0.138038E-17  0.819796E+00  0.867362E-17
     27 -0.975782E-18 -0.260209E-17 -0.138038E-17 -0.384422E+00  0.346945E-17
     28 -0.403597E-18 -0.425131E-17  0.101056E+01  0.344314E-18  0.138925E-17
     29  0.342676E-18  0.342435E-17 -0.693889E-17 -0.125782E-17 -0.344314E-18
     30 -0.517806E-01 -0.515927E+00  0.514620E-18  0.693889E-17  0.131147E+01
     31  0.331532E-17  0.257061E-06 -0.465178E-24  0.612304E-06 -0.874067E-06
     32  0.326754E-04  0.551178E-02 -0.152269E-19  0.703574E-02 -0.926693E-02
     33 -0.268764E-22 -0.111271E-19  0.142853E-02 -0.814551E-20  0.199384E-19
     34 -0.596649E-04 -0.797098E-02  0.263863E-19 -0.967956E-02  0.136979E-01
     35  0.108904E-03  0.113369E-01 -0.325716E-19  0.160826E-01 -0.160406E-01
     36  0.394009E-02  0.430438E-01 -0.317309E-18  0.195224E+00  0.602798E-01
     37 -0.295848E-20 -0.176834E-18  0.161649E-01 -0.392724E-20  0.181465E-18
     38 -0.382639E-02 -0.338167E-01  0.481560E-18 -0.339729E+00 -0.612047E-01
     39  0.118933E-01  0.982462E-01 -0.643260E-18  0.451946E+00  0.239288E+00
     40  0.907479E-07  0.355583E-03 -0.321477E-20  0.482271E-03 -0.713637E-03
     41  0.521835E-05  0.479553E-02 -0.109186E-19  0.424022E-02 -0.104923E-01
     42  0.154421E-04  0.789232E-02 -0.160102E-19  0.101654E-01 -0.140819E-01
     43  0.414467E-23  0.841726E-20 -0.107493E-02  0.655407E-20 -0.194459E-19
     44 -0.652053E-23 -0.100124E-19  0.161131E-02 -0.110104E-19  0.215152E-19
     45 -0.154930E-04 -0.970105E-02  0.200807E-19 -0.100545E-01  0.193607E-01
     46  0.210237E-05  0.567098E-03 -0.100467E-20  0.114517E-02 -0.567489E-03
     47  0.467778E-02  0.418045E-01 -0.203421E-18  0.112779E+00  0.100707E+00
     48  0.179006E-08  0.896156E-05  0.459722E-05  0.103691E-04 -0.210355E-04
     49  0.477627E-03  0.765892E-02  0.174782E-02  0.319774E-01  0.324348E-02
     50  0.179006E-08  0.896156E-05 -0.459722E-05  0.103691E-04 -0.210355E-04
     51  0.477627E-03  0.765892E-02 -0.174782E-02  0.319774E-01  0.324348E-02
     52 -0.331532E-17 -0.257061E-06  0.693714E-22  0.612304E-06  0.874067E-06
     53 -0.326754E-04 -0.551178E-02  0.478967E-18  0.703574E-02  0.926693E-02
     54 -0.874235E-20 -0.121938E-17 -0.142853E-02  0.157300E-17  0.212220E-17
     55 -0.596649E-04 -0.797098E-02  0.633052E-18  0.967956E-02  0.136979E-01
     56 -0.108904E-03 -0.113369E-01  0.105412E-17  0.160826E-01  0.160406E-01
     57 -0.394009E-02 -0.430438E-01  0.196472E-17  0.195224E+00 -0.602798E-01
     58 -0.949321E-18 -0.944693E-17 -0.161649E-01  0.458151E-16 -0.147601E-16
     59 -0.382639E-02 -0.338167E-01  0.133086E-17  0.339729E+00 -0.612047E-01
     60 -0.118933E-01 -0.982462E-01  0.522766E-17  0.451946E+00 -0.239288E+00
     61 -0.907479E-07 -0.355583E-03 -0.142030E-18  0.482271E-03  0.713637E-03
     62 -0.521835E-05 -0.479553E-02  0.424676E-18  0.424022E-02  0.104923E-01
     63 -0.154421E-04 -0.789232E-02  0.912499E-18  0.101654E-01  0.140819E-01
     64 -0.125009E-20 -0.115541E-17 -0.107493E-02  0.108699E-17  0.253675E-17
     65 -0.214810E-20 -0.142623E-17 -0.161131E-02  0.165762E-17  0.282556E-17
     66 -0.154930E-04 -0.970105E-02  0.100727E-17  0.100545E-01  0.193607E-01
     67 -0.179006E-08 -0.896156E-05  0.459722E-05  0.103691E-04  0.210355E-04
     68 -0.477627E-03 -0.765892E-02  0.174782E-02  0.319774E-01 -0.324348E-02
     69 -0.179006E-08 -0.896156E-05 -0.459722E-05  0.103691E-04  0.210355E-04
     70 -0.477627E-03 -0.765892E-02 -0.174782E-02  0.319774E-01 -0.324348E-02
     71 -0.210237E-05 -0.567098E-03  0.129808E-18  0.114517E-02  0.567489E-03
     72 -0.467778E-02 -0.418045E-01  0.349655E-17  0.112779E+00 -0.100707E+00
               21            22            23            24            25
     21 -0.000000E+00
     22 -0.000000E+00 -0.000000E+00
     23  0.538558E+00 -0.400580E-17 -0.000000E+00
     24 -0.346945E-17  0.326988E-17 -0.157995E+01 -0.000000E+00
     25 -0.000000E+00 -0.000000E+00 -0.498515E+00 -0.000000E+00 -0.000000E+00
     26  0.867362E-18  0.879596E-18 -0.169397E+00 -0.104083E-16  0.260209E-17
     27 -0.000000E+00 -0.879596E-18 -0.702025E+00 -0.867362E-18 -0.303577E-17
     28 -0.241186E-17  0.291422E+00 -0.152782E-17  0.169303E-17 -0.641983E-17
     29  0.204045E-17 -0.867362E-17 -0.239412E-17  0.152782E-17  0.520538E-17
     30 -0.291791E+00  0.346926E-18  0.173472E-17  0.346401E+00 -0.209700E+00
     31  0.107262E-02 -0.235190E-20  0.297554E-02 -0.307386E-02  0.440457E-06
     32  0.399933E-01 -0.275899E-18  0.646148E-01 -0.642174E-01  0.359311E-02
     33 -0.275149E-18  0.174378E-01 -0.284254E-18  0.661906E-18 -0.363149E-19
     34 -0.968969E-02  0.364379E-18  0.179418E-01 -0.298596E-01 -0.447485E-02
     35  0.781366E-01 -0.278417E-18  0.116724E+00 -0.149890E+00  0.728775E-02
     36  0.999673E-01 -0.166979E-17  0.171197E+00 -0.605599E-01  0.332734E-01
     37 -0.128999E-17  0.557229E-01  0.198196E-18  0.219532E-17 -0.624701E-18
     38 -0.427915E-01  0.286570E-17 -0.122701E+00  0.565530E-03 -0.239430E-01
     39  0.175589E+00 -0.174240E-17  0.265803E+00 -0.176969E-01  0.769477E-01
     40  0.120018E-01 -0.244671E-18  0.242574E-01 -0.242382E-01  0.975504E-03
     41  0.245159E-01 -0.300325E-18  0.357752E-01 -0.270381E-01  0.240673E-02
     42  0.730311E-01 -0.187560E-18  0.114191E+00 -0.126128E+00  0.507730E-02
     43  0.331474E-18 -0.296642E-02  0.279217E-18 -0.837886E-18  0.293527E-19
     44 -0.247539E-18  0.312684E-01 -0.345692E-18  0.487618E-18 -0.353146E-19
     45 -0.484616E-01  0.246618E-18 -0.347822E-01  0.754766E-01 -0.533389E-02
     46  0.228038E-01 -0.275088E-19  0.614927E-01 -0.388512E-01  0.565755E-03
     47  0.999261E-01 -0.703712E-18  0.160088E+00 -0.203386E-01  0.348255E-01
     48 -0.124583E-03  0.253417E-03  0.635940E-03  0.151547E-02  0.175014E-04
     49  0.237824E-01  0.886780E-02  0.449223E-01 -0.215249E-01  0.666996E-02
     50 -0.124583E-03 -0.253417E-03  0.635940E-03  0.151547E-02  0.175014E-04
     51  0.237824E-01 -0.886780E-02  0.449223E-01 -0.215249E-01  0.666996E-02
     52 -0.107262E-02  0.279210E-18  0.297554E-02  0.307386E-02 -0.440457E-06
     53 -0.399933E-01  0.512945E-17  0.646148E-01  0.642174E-01 -0.359311E-02
     54 -0.773509E-17 -0.174378E-01  0.118751E-16  0.150072E-16 -0.121969E-18
     55 -0.968969E-02 -0.427755E-17 -0.179418E-01 -0.298596E-01 -0.447485E-02
     56 -0.781366E-01  0.126521E-16  0.116724E+00  0.149890E+00 -0.728775E-02
     57 -0.999673E-01  0.589712E-17  0.171197E+00  0.605599E-01 -0.332734E-01
     58 -0.200262E-16 -0.557229E-01  0.350904E-16  0.114838E-16 -0.495914E-17
     59 -0.427915E-01 -0.351341E-17  0.122701E+00  0.565530E-03 -0.239430E-01
     60 -0.175589E+00  0.159326E-16  0.265803E+00  0.176969E-01 -0.769477E-01
     61 -0.120018E-01 -0.100101E-17  0.242574E-01  0.242382E-01 -0.975504E-03
     62 -0.245159E-01  0.576022E-18  0.357752E-01  0.270381E-01 -0.240673E-02
     63 -0.730311E-01  0.128356E-16  0.114191E+00  0.126128E+00 -0.507730E-02
     64 -0.725371E-17 -0.296642E-02  0.617712E-17  0.104406E-16 -0.426486E-19
     65 -0.104208E-16 -0.312684E-01  0.166822E-16  0.215489E-16  0.258791E-18
     66 -0.484616E-01  0.565137E-17  0.347822E-01  0.754766E-01 -0.533389E-02
     67  0.124583E-03  0.253417E-03  0.635940E-03 -0.151547E-02 -0.175014E-04
     68 -0.237824E-01  0.886780E-02  0.449223E-01  0.215249E-01 -0.666996E-02
     69  0.124583E-03 -0.253417E-03  0.635940E-03 -0.151547E-02 -0.175014E-04
     70 -0.237824E-01 -0.886780E-02  0.449223E-01  0.215249E-01 -0.666996E-02
     71 -0.228038E-01  0.786047E-17  0.614927E-01  0.388512E-01 -0.565755E-03
     72 -0.999261E-01  0.153957E-16  0.160088E+00  0.203386E-01 -0.348255E-01
               26            27            28            29            30
     26 -0.000000E+00
     27  0.346945E-17 -0.000000E+00
     28  0.250666E-17 -0.302946E-17 -0.000000E+00
     29  0.273053E-17 -0.226211E-17 -0.329192E+01 -0.000000E+00
     30 -0.400402E+01  0.337212E+01  0.333068E-17 -0.460268E-17 -0.000000E+00
     31  0.154872E-04  0.288565E-04 -0.187686E-22  0.331350E-22 -0.364364E-04
     32  0.170725E-01  0.389862E-01 -0.406599E-19  0.109242E-18 -0.350479E-01
     33 -0.284971E-19 -0.108070E-18  0.644677E-02 -0.810468E-02  0.635640E-19
     34 -0.155065E-01 -0.560755E-01  0.411964E-19 -0.172803E-18  0.414073E-01
     35  0.351404E-01  0.623356E-01 -0.809077E-19  0.173438E-18 -0.603549E-01
     36  0.949226E-01  0.832529E-01 -0.769545E-20  0.846846E-18 -0.968287E-01
     37 -0.231278E-18 -0.577442E-18  0.600194E-01 -0.115628E-01 -0.428304E-19
     38 -0.516399E-01 -0.670382E-01 -0.401887E-18 -0.140127E-17  0.144058E+00
     39  0.202218E+00  0.112693E+00  0.222295E-20  0.115453E-17 -0.856162E-01
     40  0.220023E-02  0.413024E-02 -0.179240E-19  0.386936E-19 -0.466314E-02
     41  0.913842E-02  0.486024E-01 -0.279927E-19  0.107987E-18 -0.320410E-01
     42  0.327113E-01  0.572926E-01 -0.641698E-19  0.109626E-18 -0.609315E-01
     43  0.240210E-19  0.136939E-18 -0.474093E-02  0.832211E-02 -0.710907E-19
     44 -0.440844E-19 -0.123045E-18  0.898843E-02 -0.118523E-01  0.102315E-18
     45 -0.240994E-01 -0.822234E-01  0.641197E-19 -0.170355E-18  0.635614E-01
     46  0.627877E-02  0.249909E-02 -0.702319E-20  0.533540E-20 -0.548293E-02
     47  0.992941E-01  0.499011E-01 -0.146321E-18  0.339676E-18 -0.133603E-01
     48  0.464744E-04  0.134442E-03  0.349805E-04 -0.552721E-04 -0.126120E-03
     49  0.179190E-01  0.216982E-01  0.756122E-02 -0.293904E-02 -0.282581E-01
     50  0.464744E-04  0.134442E-03 -0.349805E-04  0.552721E-04 -0.126120E-03
     51  0.179190E-01  0.216982E-01 -0.756122E-02  0.293904E-02 -0.282581E-01
     52 -0.154872E-04 -0.288565E-04 -0.281877E-20 -0.403976E-20 -0.364364E-04
     53 -0.170725E-01 -0.389862E-01 -0.205308E-17 -0.254231E-17 -0.350479E-01
     54 -0.356910E-17 -0.907231E-17  0.644677E-02  0.810468E-02 -0.758292E-17
     55 -0.155065E-01 -0.560755E-01 -0.220151E-17 -0.324506E-17 -0.414073E-01
     56 -0.351404E-01 -0.623356E-01 -0.449976E-17 -0.486807E-17 -0.603549E-01
     57 -0.949226E-01 -0.832529E-01 -0.696253E-17 -0.145232E-17 -0.968287E-01
     58 -0.207977E-16 -0.189676E-16  0.600194E-01  0.115628E-01 -0.216877E-16
     59 -0.516399E-01 -0.670382E-01 -0.811012E-17  0.220955E-18 -0.144058E+00
     60 -0.202218E+00 -0.112693E+00 -0.154785E-16 -0.429732E-19 -0.856162E-01
     61 -0.220023E-02 -0.413024E-02  0.742156E-18  0.109400E-17 -0.466314E-02
     62 -0.913842E-02 -0.486024E-01 -0.153110E-17 -0.304082E-17 -0.320410E-01
     63 -0.327113E-01 -0.572926E-01 -0.500227E-17 -0.616626E-17 -0.609315E-01
     64 -0.273456E-17 -0.118638E-16  0.474093E-02  0.832211E-02 -0.819437E-17
     65 -0.519008E-17 -0.124020E-16  0.898843E-02  0.118523E-01 -0.112778E-16
     66 -0.240994E-01 -0.822234E-01 -0.407831E-17 -0.652683E-17 -0.635614E-01
     67 -0.464744E-04 -0.134442E-03 -0.349805E-04 -0.552721E-04 -0.126120E-03
     68 -0.179190E-01 -0.216982E-01 -0.756122E-02 -0.293904E-02 -0.282581E-01
     69 -0.464744E-04 -0.134442E-03  0.349805E-04  0.552721E-04 -0.126120E-03
     70 -0.179190E-01 -0.216982E-01  0.756122E-02  0.293904E-02 -0.282581E-01
     71 -0.627877E-02 -0.249909E-02 -0.116213E-17 -0.620028E-18 -0.548293E-02
     72 -0.992941E-01 -0.499011E-01 -0.100018E-16  0.542101E-18 -0.133603E-01
               31            32            33            34            35
     31 -0.000000E+00
     32 -0.000000E+00 -0.000000E+00
     33 -0.000000E+00 -0.000000E+00 -0.000000E+00
     34 -0.337600E+00 -0.160938E+00  0.746747E-19  0.108420E-17
     35 -0.585018E+00 -0.278862E+00  0.341477E-17 -0.106273E+02  0.216840E-19
     36 -0.000000E+00 -0.000000E+00 -0.000000E+00  0.766624E-01  0.132689E+00
     37 -0.000000E+00 -0.000000E+00 -0.000000E+00 -0.184047E-19 -0.743932E-18
     38 -0.463695E-01 -0.164543E+00  0.666877E-19  0.521121E-01  0.156366E+01
     39 -0.803524E-01 -0.284697E+00  0.294055E-17 -0.152071E+01 -0.521121E-01
     40 -0.000000E+00 -0.000000E+00 -0.000000E+00  0.609168E-01  0.270494E+00
     41  0.171888E-01  0.749251E-01 -0.322190E-19 -0.221959E+00  0.304599E+00
     42 -0.171888E-01 -0.749251E-01  0.322190E-19  0.343298E+00 -0.259313E+00
     43  0.169337E-19  0.699322E-19 -0.123760E+00  0.601282E-20  0.119665E-17
     44  0.736466E-18  0.295702E-17 -0.454212E+00 -0.950474E-18 -0.601282E-20
     45  0.115380E-01  0.510235E-01 -0.165400E-17 -0.513644E+00 -0.309531E+00
     46 -0.431483E-01 -0.156585E+00  0.331192E-18 -0.689836E+00  0.636553E+00
     47 -0.346047E-01 -0.133872E+00  0.642051E-18 -0.403531E+00  0.534768E+00
     48  0.222803E-01  0.800355E-01  0.995211E-01  0.576055E+00  0.520016E-01
     49  0.182894E-01  0.700546E-01  0.307646E-01  0.430367E+00  0.893609E-01
     50  0.222803E-01  0.800355E-01 -0.995211E-01  0.576055E+00  0.520016E-01
     51  0.182894E-01  0.700546E-01 -0.307646E-01  0.430367E+00  0.893609E-01
     52  0.146913E-15  0.113709E-04 -0.245035E-20 -0.429294E-04 -0.236752E-05
     53  0.113709E-04  0.822946E-02 -0.692079E-18 -0.179821E-01  0.126685E-02
     54  0.282462E-20  0.169784E-17  0.221710E-02 -0.365831E-17  0.420015E-18
     55  0.429294E-04  0.179821E-01 -0.154645E-17 -0.372341E-01  0.254201E-02
     56 -0.236752E-05  0.126685E-02  0.766655E-19 -0.254201E-02  0.365987E-02
     57  0.212683E-02  0.397480E-01 -0.169455E-17 -0.612464E-01 -0.618258E-01
     58  0.510587E-18  0.822067E-17  0.135025E-01 -0.129642E-16 -0.142629E-16
     59  0.701652E-02  0.843804E-01 -0.491739E-17 -0.112759E+00 -0.207520E+00
     60 -0.171481E-02 -0.147635E-01  0.145584E-17 -0.198306E-01  0.127220E-01
     61  0.607315E-07  0.108185E-02  0.189632E-18 -0.269885E-02  0.800693E-05
     62  0.760481E-05  0.185273E-01 -0.210926E-17 -0.412336E-01  0.370701E-02
     63  0.518472E-07  0.201134E-02 -0.197226E-18 -0.503181E-02  0.411352E-03
     64  0.875546E-21  0.272828E-17  0.357174E-02 -0.641601E-17  0.785899E-18
     65 -0.163871E-22  0.447787E-18 -0.272339E-04 -0.101889E-17  0.587887E-18
     66 -0.384237E-06  0.285124E-02  0.683761E-19 -0.590295E-02  0.619032E-02
     67  0.152618E-06  0.571156E-03 -0.402475E-03 -0.140164E-02 -0.345761E-03
     68  0.146415E-02  0.240544E-01 -0.580275E-02 -0.260306E-01 -0.367036E-01
     69  0.152618E-06  0.571156E-03  0.402475E-03 -0.140164E-02 -0.345761E-03
     70  0.146415E-02  0.240544E-01  0.580275E-02 -0.260306E-01 -0.367036E-01
     71  0.645713E-10  0.573344E-05 -0.155216E-36 -0.110679E-04  0.254482E-05
     72  0.974387E-04  0.492703E-02 -0.250722E-18 -0.101840E-01 -0.343083E-02
               36            37            38            39            40
     36 -0.000000E+00
     37 -0.000000E+00 -0.000000E+00
     38 -0.139041E+00  0.746734E-19 -0.000000E+00
     39 -0.239902E+00  0.298108E-17 -0.581982E+00 -0.000000E+00
     40 -0.000000E+00 -0.000000E+00  0.339620E-01  0.219231E+00 -0.000000E+00
     41  0.331892E-01 -0.102832E-19  0.145528E+00  0.280524E+00  0.552790E-01
     42 -0.331892E-01  0.102832E-19  0.190048E+00  0.139434E+00 -0.552790E-01
     43  0.283803E-19 -0.124056E-01  0.333222E-19  0.189688E-17  0.124741E-18
     44  0.122824E-17 -0.800801E-01  0.681626E-19 -0.333222E-19  0.496991E-17
     45  0.231934E-01 -0.531335E-18 -0.105530E+00 -0.207605E+00 -0.629269E-01
     46 -0.898738E-01  0.120443E-18 -0.280897E+00  0.345047E+00 -0.774804E-01
     47 -0.121743E+00  0.594350E-18 -0.161386E+00  0.331900E+00 -0.779245E-01
     48  0.460945E-01  0.480268E-01  0.292226E+00  0.805938E-01  0.129469E+00
     49  0.631868E-01  0.341209E-01  0.266263E+00  0.136604E+00  0.624865E-01
     50  0.460945E-01 -0.480268E-01  0.292226E+00  0.805938E-01  0.129469E+00
     51  0.631868E-01 -0.341209E-01  0.266263E+00  0.136604E+00  0.624865E-01
     52  0.212683E-02 -0.463966E-18 -0.701652E-02 -0.171481E-02  0.607315E-07
     53  0.397480E-01 -0.329453E-17 -0.843804E-01 -0.147635E-01  0.108185E-02
     54  0.782611E-17  0.135025E-01 -0.190945E-16 -0.412476E-17  0.188871E-19
     55  0.612464E-01 -0.743366E-17 -0.112759E+00  0.198306E-01  0.269885E-02
     56 -0.618258E-01  0.174441E-16  0.207520E+00  0.127220E-01  0.800693E-05
     57  0.874623E-01 -0.511718E-17 -0.131995E+00 -0.437710E-01  0.114998E-01
     58  0.167958E-16  0.438731E-01 -0.270575E-16 -0.556935E-17  0.121940E-17
     59  0.131995E+00 -0.625898E-17 -0.136435E+00 -0.638025E-01  0.262478E-01
     60 -0.437710E-01  0.111789E-16  0.638025E-01  0.534404E-01 -0.684139E-02
     61  0.114998E-01  0.401334E-17 -0.262478E-01 -0.684139E-02  0.258119E-03
     62  0.718456E-01 -0.897427E-17 -0.136725E+00  0.401079E-02  0.199367E-02
     63  0.233164E-01 -0.426255E-17 -0.600381E-01 -0.344162E-01  0.114945E-03
     64  0.126755E-16  0.224872E-01 -0.250386E-16 -0.358661E-17 -0.592863E-19
     65  0.394306E-19 -0.173980E-01 -0.568434E-17  0.302188E-17  0.208397E-19
     66 -0.202678E-01  0.816967E-17  0.611979E-01  0.154755E-01  0.994983E-04
     67  0.175453E-01 -0.140346E-01 -0.494481E-01 -0.151378E-01  0.128421E-03
     68  0.640258E-01 -0.250284E-01 -0.982041E-01 -0.500532E-01  0.807200E-02
     69  0.175453E-01  0.140346E-01 -0.494481E-01 -0.151378E-01  0.128421E-03
     70  0.640258E-01  0.250284E-01 -0.982041E-01 -0.500532E-01  0.807200E-02
     71 -0.258876E-02  0.813152E-18  0.939087E-02 -0.390943E-02  0.420920E-06
     72  0.137857E-01 -0.650521E-18 -0.240005E-01 -0.915533E-02  0.112276E-02
               41            42            43            44            45
     41 -0.000000E+00
     42 -0.886053E-01 -0.000000E+00
     43 -0.519108E-19  0.565099E-19 -0.000000E+00
     44  0.218798E-17 -0.173095E-17 -0.215414E+01 -0.000000E+00
     45 -0.236434E+01  0.252616E+01  0.389883E-17  0.674033E-19 -0.000000E+00
     46 -0.578446E+00  0.312016E+00  0.327459E-18 -0.408707E-19  0.104500E+00
     47 -0.227693E+00  0.206446E-03 -0.985484E-19 -0.469334E-18  0.917272E-01
     48  0.600020E-01 -0.139226E-01  0.395184E+00  0.246005E-01 -0.305873E+00
     49  0.535807E-01  0.434262E-01  0.839325E-01  0.290784E-01 -0.110029E+00
     50  0.600020E-01 -0.139226E-01 -0.395184E+00 -0.246005E-01 -0.305873E+00
     51  0.535807E-01  0.434262E-01 -0.839325E-01 -0.290784E-01 -0.110029E+00
     52  0.760481E-05  0.518472E-07  0.758285E-21  0.194040E-22  0.384237E-06
     53  0.185273E-01  0.201134E-02  0.121714E-17 -0.222924E-19 -0.285124E-02
     54  0.393496E-17  0.444189E-18 -0.357174E-02 -0.272339E-04 -0.803278E-18
     55  0.412336E-01  0.503181E-02  0.288564E-17 -0.276512E-19 -0.590295E-02
     56  0.370701E-02  0.411352E-03  0.491767E-20 -0.211725E-18 -0.619032E-02
     57  0.718456E-01  0.233164E-01  0.335781E-17  0.341397E-17  0.202678E-01
     58  0.159085E-16  0.578403E-17 -0.224872E-01 -0.173980E-01  0.417436E-17
     59  0.136725E+00  0.600381E-01  0.726106E-17  0.669089E-17  0.611979E-01
     60  0.401079E-02 -0.344162E-01 -0.251465E-17 -0.214633E-17 -0.154755E-01
     61  0.199367E-02  0.114945E-03 -0.367846E-18  0.276883E-19 -0.994983E-04
     62  0.433368E-01  0.383970E-02  0.338164E-17 -0.538918E-19 -0.734210E-02
     63  0.383970E-02  0.570071E-03  0.227686E-18 -0.188336E-20 -0.112096E-02
     64  0.680681E-17  0.591179E-18 -0.547854E-02  0.165189E-03 -0.136035E-17
     65  0.954846E-18  0.148310E-18 -0.165189E-03  0.344834E-03 -0.991887E-18
     66  0.734210E-02  0.112096E-02  0.157885E-19 -0.369558E-18 -0.102105E-01
     67  0.933432E-03  0.124591E-03  0.431897E-03  0.113810E-03  0.343681E-03
     68  0.347199E-01  0.208885E-01  0.706391E-02  0.691826E-02  0.151560E-01
     69  0.933432E-03  0.124591E-03 -0.431897E-03 -0.113810E-03  0.343681E-03
     70  0.347199E-01  0.208885E-01 -0.706391E-02 -0.691826E-02  0.151560E-01
     71  0.153757E-04  0.129459E-05  0.103232E-20 -0.224993E-21 -0.656703E-05
     72  0.111602E-01  0.105189E-02  0.521772E-18  0.209217E-18  0.305801E-03
               46            47            48            49            50
     46 -0.000000E+00
     47 -0.000000E+00 -0.000000E+00
     48  0.560009E-01  0.116540E+00 -0.000000E+00
     49  0.119869E+00  0.162954E+00 -0.000000E+00 -0.000000E+00
     50  0.560009E-01  0.116540E+00 -0.000000E+00 -0.000000E+00 -0.000000E+00
     51  0.119869E+00  0.162954E+00 -0.000000E+00 -0.000000E+00 -0.000000E+00
     52  0.645713E-10  0.974387E-04  0.152618E-06  0.146415E-02  0.152618E-06
     53  0.573344E-05  0.492703E-02  0.571156E-03  0.240544E-01  0.571156E-03
     54  0.126131E-20  0.843940E-18  0.402475E-03  0.580275E-02 -0.402475E-03
     55  0.110679E-04  0.101840E-01  0.140164E-02  0.260306E-01  0.140164E-02
     56  0.254482E-05 -0.343083E-02 -0.345761E-03 -0.367036E-01 -0.345761E-03
     57 -0.258876E-02  0.137857E-01  0.175453E-01  0.640258E-01  0.175453E-01
     58 -0.572512E-18  0.287251E-17  0.140346E-01  0.250284E-01 -0.140346E-01
     59 -0.939087E-02  0.240005E-01  0.494481E-01  0.982041E-01  0.494481E-01
     60 -0.390943E-02 -0.915533E-02 -0.151378E-01 -0.500532E-01 -0.151378E-01
     61  0.420920E-06  0.112276E-02  0.128421E-03  0.807200E-02  0.128421E-03
     62  0.153757E-04  0.111602E-01  0.933432E-03  0.347199E-01  0.933432E-03
     63  0.129459E-05  0.105189E-02  0.124591E-03  0.208885E-01  0.124591E-03
     64  0.210802E-20  0.158329E-17  0.431897E-03  0.706391E-02 -0.431897E-03
     65  0.592698E-21  0.192579E-18 -0.113810E-03 -0.691826E-02  0.113810E-03
     66  0.656703E-05 -0.305801E-03 -0.343681E-03 -0.151560E-01 -0.343681E-03
     67  0.124212E-06  0.111928E-02  0.194686E-04  0.837869E-02  0.459126E-03
     68 -0.536247E-03  0.978998E-02  0.837869E-02  0.425071E-01  0.257743E-01
     69  0.124212E-06  0.111928E-02  0.459126E-03  0.257743E-01  0.194686E-04
     70 -0.536247E-03  0.978998E-02  0.257743E-01  0.769649E-01  0.837869E-02
     71  0.267435E-08 -0.271965E-03  0.124212E-06 -0.536247E-03  0.124212E-06
     72 -0.271965E-03  0.160117E-02  0.111928E-02  0.978998E-02  0.111928E-02
               51            52            53            54            55
     51 -0.000000E+00
     52  0.146415E-02 -0.000000E+00
     53  0.240544E-01 -0.000000E+00 -0.000000E+00
     54 -0.580275E-02 -0.000000E+00 -0.000000E+00 -0.000000E+00
     55  0.260306E-01 -0.337600E+00 -0.160938E+00 -0.597657E-16 -0.108420E-17
     56 -0.367036E-01  0.585018E+00  0.278862E+00  0.433665E-16 -0.106273E+02
     57  0.640258E-01 -0.000000E+00 -0.000000E+00 -0.000000E+00  0.766624E-01
     58 -0.250284E-01 -0.000000E+00 -0.000000E+00 -0.000000E+00  0.687996E-17
     59  0.982041E-01 -0.463695E-01 -0.164543E+00 -0.417918E-16 -0.521121E-01
     60 -0.500532E-01  0.803524E-01  0.284697E+00  0.337083E-16 -0.152071E+01
     61  0.807200E-02 -0.000000E+00 -0.000000E+00 -0.000000E+00  0.609168E-01
     62  0.347199E-01 -0.171888E-01 -0.749251E-01 -0.171814E-16 -0.221959E+00
     63  0.208885E-01  0.171888E-01  0.749251E-01  0.180488E-16  0.343298E+00
     64 -0.706391E-02 -0.219767E-16 -0.464457E-16 -0.123760E+00  0.309726E-17
     65  0.691826E-02  0.985269E-17  0.409280E-16  0.454212E+00 -0.144648E-16
     66 -0.151560E-01  0.115380E-01  0.510235E-01  0.374724E-16  0.513644E+00
     67  0.257743E-01 -0.222803E-01 -0.800355E-01  0.995211E-01  0.576055E+00
     68  0.769649E-01 -0.182894E-01 -0.700546E-01  0.307646E-01  0.430367E+00
     69  0.837869E-02 -0.222803E-01 -0.800355E-01 -0.995211E-01  0.576055E+00
     70  0.425071E-01 -0.182894E-01 -0.700546E-01 -0.307646E-01  0.430367E+00
     71 -0.536247E-03  0.431483E-01  0.156585E+00 -0.190820E-16 -0.689836E+00
     72  0.978998E-02  0.346047E-01  0.133872E+00  0.104083E-16 -0.403531E+00
               56            57            58            59            60
     56 -0.216840E-19
     57 -0.132689E+00 -0.000000E+00
     58 -0.920192E-17 -0.000000E+00 -0.000000E+00
     59  0.156366E+01 -0.139041E+00 -0.110229E-16 -0.000000E+00
     60  0.521121E-01  0.239902E+00  0.237682E-16 -0.581982E+00 -0.000000E+00
     61 -0.270494E+00 -0.000000E+00 -0.000000E+00  0.339620E-01 -0.219231E+00
     62 -0.304599E+00 -0.331892E-01 -0.551430E-17  0.145528E+00 -0.280524E+00
     63  0.259313E+00  0.331892E-01  0.529746E-17  0.190048E+00 -0.139434E+00
     64 -0.194379E-16 -0.244392E-16 -0.124056E-01  0.162715E-16 -0.472691E-16
     65 -0.288042E-17  0.152430E-16  0.800801E-01  0.766846E-17 -0.162715E-16
     66 -0.309531E+00  0.231934E-01  0.163404E-16  0.105530E+00 -0.207605E+00
     67 -0.520016E-01 -0.460945E-01  0.480268E-01  0.292226E+00 -0.805938E-01
     68 -0.893609E-01 -0.631868E-01  0.341209E-01  0.266263E+00 -0.136604E+00
     69 -0.520016E-01 -0.460945E-01 -0.480268E-01  0.292226E+00 -0.805938E-01
     70 -0.893609E-01 -0.631868E-01 -0.341209E-01  0.266263E+00 -0.136604E+00
     71 -0.636553E+00  0.898738E-01 -0.715573E-17 -0.280897E+00 -0.345047E+00
     72 -0.534768E+00  0.121743E+00  0.173472E-17 -0.161386E+00 -0.331900E+00
               61            62            63            64            65
     61 -0.000000E+00
     62 -0.552790E-01 -0.000000E+00
     63  0.552790E-01  0.886053E-01 -0.000000E+00
     64 -0.127557E-15  0.229408E-16 -0.635601E-16 -0.000000E+00
     65  0.644637E-16  0.480656E-16 -0.344891E-16 -0.215414E+01 -0.000000E+00
     66 -0.629269E-01 -0.236434E+01  0.252616E+01  0.552907E-16 -0.109805E-15
     67 -0.129469E+00 -0.600020E-01  0.139226E-01 -0.395184E+00  0.246005E-01
     68 -0.624865E-01 -0.535807E-01 -0.434262E-01 -0.839325E-01  0.290784E-01
     69 -0.129469E+00 -0.600020E-01  0.139226E-01  0.395184E+00 -0.246005E-01
     70 -0.624865E-01 -0.535807E-01 -0.434262E-01  0.839325E-01 -0.290784E-01
     71  0.774804E-01  0.578446E+00 -0.312016E+00  0.654858E-16  0.451028E-16
     72  0.779245E-01  0.227693E+00 -0.206446E-03  0.208167E-16  0.726415E-17
               66            67            68            69            70
     66 -0.000000E+00
     67 -0.305873E+00 -0.000000E+00
     68 -0.110029E+00 -0.000000E+00 -0.000000E+00
     69 -0.305873E+00 -0.000000E+00 -0.000000E+00 -0.000000E+00
     70 -0.110029E+00 -0.000000E+00 -0.000000E+00 -0.000000E+00 -0.000000E+00
     71  0.104500E+00  0.560009E-01  0.119869E+00  0.560009E-01  0.119869E+00
     72  0.917272E-01  0.116540E+00  0.162954E+00  0.116540E+00  0.162954E+00
               71            72
     71 -0.000000E+00
     72 -0.000000E+00 -0.000000E+00
