                1             2             3             4             5
      1 -0.000000E+00
      2 -0.000000E+00 -0.000000E+00
      3  0.138778E-16  0.208167E-16 -0.192593E-33
      4 -0.564303E-16 -0.262539E-16 -0.111257E+02  0.139630E-32
      5 -0.000000E+00 -0.000000E+00  0.628837E-17 -0.122974E-16 -0.000000E+00
      6 -0.000000E+00 -0.000000E+00  0.693889E-17  0.121384E-16 -0.000000E+00
      7 -0.173472E-17 -0.242861E-16 -0.143366E-16  0.167323E+01 -0.650521E-18
      8 -0.758452E-17 -0.262316E-16 -0.192071E+01  0.143366E-16  0.105461E-16
      9 -0.000000E+00 -0.000000E+00  0.233103E-17 -0.307380E-17 -0.000000E+00
     10 -0.591702E-17 -0.246279E-16 -0.346945E-17  0.324198E-16  0.109525E-16
     11  0.591702E-17  0.246279E-16 -0.000000E+00 -0.301662E-16 -0.109525E-16
     12 -0.000000E+00 -0.000000E+00 -0.659195E-16  0.278719E-16 -0.000000E+00
     13 -0.890926E-01 -0.367762E+00 -0.333994E-16 -0.000000E+00  0.161424E+00
     14 -0.162630E-17 -0.650521E-18 -0.197218E-17  0.397897E+00  0.277556E-16
     15  0.285393E-17  0.114202E-16 -0.432614E+00  0.197218E-17 -0.476690E-16
     16  0.329792E-39 -0.754443E-36 -0.325261E-18  0.333855E-18 -0.115034E-35
     17 -0.949885E-36 -0.111761E-35  0.433681E-17  0.308531E-17 -0.203602E-33
     18  0.542101E-19  0.173472E-17  0.291967E-18  0.769246E+00 -0.346945E-17
     19 -0.357248E-18 -0.201480E-17 -0.764312E+00 -0.291967E-18 -0.348014E-17
     20  0.386236E-35  0.552254E-34  0.346945E-17 -0.448210E-17 -0.142267E-33
     21 -0.633255E-35  0.359135E-33 -0.000000E+00  0.533841E-17  0.365527E-35
     22 -0.346945E-17 -0.520417E-17 -0.291534E-17  0.988348E+00  0.173472E-17
     23 -0.329509E-17 -0.863303E-17 -0.103829E+01  0.291534E-17 -0.535431E-17
     24 -0.379840E-34  0.563180E-33 -0.138778E-16 -0.104337E-16  0.124797E-33
     25 -0.129110E-18 -0.149488E-17  0.433681E-18  0.207500E-17 -0.185931E-17
     26  0.129110E-18  0.149488E-17 -0.867362E-18 -0.151729E-17  0.185931E-17
     27 -0.354272E-34 -0.109495E-33  0.346945E-17  0.117768E-16 -0.104801E-33
     28 -0.193517E-02 -0.221202E-01 -0.256090E-17 -0.867362E-18 -0.276638E-01
     29 -0.000000E+00 -0.346945E-17 -0.303078E-18 -0.116898E+01 -0.104083E-16
     30  0.333401E-17  0.613308E-17  0.116385E+01  0.303078E-18  0.893385E-17
     31 -0.535416E-22 -0.254791E-18 -0.518603E-02 -0.443504E-18  0.319972E-18
     32 -0.878102E-18 -0.400106E-17 -0.297414E+00 -0.255668E-17  0.395606E-17
     33 -0.179143E-02 -0.248385E+00 -0.181245E-17 -0.282004E+00  0.291507E+00
     34  0.162493E-17  0.495121E-17  0.357936E+00  0.572315E-18 -0.586444E-17
     35 -0.113094E-17 -0.281653E-17 -0.348078E+00 -0.235443E-17  0.123244E-17
     36 -0.189222E-17 -0.649154E-17 -0.528547E+00  0.309225E-17  0.472277E-17
     37 -0.275849E-02 -0.112461E+00 -0.560666E-17  0.340562E+00  0.952781E-01
     38  0.200116E-17  0.640366E-17  0.420421E+00 -0.108882E-16 -0.512349E-17
     39 -0.226956E-17 -0.469844E-17 -0.616903E+00  0.200650E-17 -0.253143E-18
     40 -0.586780E-19 -0.200924E-17 -0.144619E+00 -0.201693E-17  0.198902E-17
     41 -0.163235E-17 -0.544171E-17 -0.401078E+00 -0.929013E-18  0.692426E-17
     42 -0.759303E-18 -0.261368E-17 -0.293597E+00 -0.313750E-17  0.125274E-17
     43  0.342019E-02  0.196359E+00  0.255771E-17  0.605725E-01 -0.226326E+00
     44 -0.228099E-02 -0.130929E+00 -0.157376E-17 -0.992612E-01  0.700642E-01
     45  0.177883E-17  0.359172E-17  0.516212E+00  0.259038E-17 -0.273122E-17
     46 -0.546560E-20 -0.197042E-18 -0.158026E-01 -0.333694E-18  0.384071E-19
     47 -0.819699E-18 -0.257212E-17 -0.269808E+00 -0.573368E-18  0.902693E-18
     48 -0.241809E-04 -0.176087E-01 -0.145021E-01 -0.222348E-01  0.257807E-01
     49 -0.517097E-03 -0.298619E-01 -0.160403E+00  0.518306E-01  0.304592E-01
     50  0.241809E-04  0.176087E-01 -0.145021E-01  0.222348E-01 -0.257807E-01
     51  0.517097E-03  0.298619E-01 -0.160403E+00 -0.518306E-01 -0.304592E-01
     52  0.264698E-22  0.867362E-18  0.518603E-02 -0.333747E-17 -0.173472E-17
     53  0.758942E-18  0.346945E-17  0.297414E+00 -0.428589E-16 -0.104083E-16
     54  0.179143E-02  0.248385E+00  0.795657E-17 -0.282004E+00 -0.291507E+00
     55  0.145357E-17 -0.240848E-16  0.357936E+00 -0.622185E-17  0.289189E-16
     56  0.975782E-18  0.346945E-17  0.348078E+00 -0.471130E-16 -0.108420E-18
     57  0.173472E-17  0.520417E-17  0.528547E+00 -0.603575E-16 -0.607153E-17
     58  0.275849E-02  0.112461E+00  0.100200E-15  0.340562E+00 -0.952781E-01
     59  0.186711E-17 -0.755274E-17  0.420421E+00 -0.782990E-16  0.689287E-17
     60  0.238524E-17  0.520417E-17  0.616903E+00 -0.733751E-16  0.216840E-18
     61  0.518769E-18  0.285292E-16  0.144619E+00 -0.241486E-16 -0.258591E-16
     62  0.140569E-17 -0.276619E-16  0.401078E+00 -0.378804E-16  0.206549E-16
     63  0.650521E-18  0.121431E-16  0.293597E+00 -0.461226E-16 -0.433681E-17
     64  0.342019E-02  0.196359E+00  0.431049E-16 -0.605725E-01 -0.226326E+00
     65  0.228099E-02  0.130929E+00  0.570093E-16 -0.992612E-01 -0.700642E-01
     66  0.123814E-17 -0.523465E-17  0.516212E+00 -0.557082E-16  0.587472E-17
     67 -0.241809E-04 -0.176087E-01  0.145021E-01  0.222348E-01  0.257807E-01
     68 -0.517097E-03 -0.298619E-01  0.160403E+00 -0.518306E-01  0.304592E-01
     69  0.241809E-04  0.176087E-01  0.145021E-01 -0.222348E-01 -0.257807E-01
     70  0.517097E-03  0.298619E-01  0.160403E+00  0.518306E-01 -0.304592E-01
     71  0.508220E-20  0.216840E-18  0.158026E-01 -0.238524E-17 -0.108420E-18
     72  0.813152E-18  0.260209E-17  0.269808E+00 -0.338271E-16 -0.130104E-17
                6             7             8             9            10
      6 -0.000000E+00
      7 -0.346945E-16 -0.000000E+00
      8 -0.186160E-16 -0.895874E+00 -0.000000E+00
      9 -0.000000E+00  0.498733E-17 -0.795315E-17 -0.000000E+00
     10 -0.986832E-17  0.156125E-16  0.149121E-16  0.339628E-17 -0.000000E+00
     11  0.986832E-17  0.381639E-16  0.189880E-16 -0.339628E-17  0.280836E-16
     12 -0.000000E+00 -0.138778E-16  0.236850E-16 -0.000000E+00  0.172598E-16
     13 -0.148458E+00 -0.180530E-16  0.346945E-17  0.503855E-01 -0.315916E+01
     14 -0.937835E-17 -0.109563E-16  0.230623E+00 -0.693889E-17  0.346945E-17
     15  0.482915E-17 -0.419153E+00  0.109563E-16 -0.885400E-17  0.140423E-16
     16 -0.428327E-36 -0.216840E-18  0.673596E-18  0.878915E-36  0.110060E-19
     17 -0.104049E-34  0.173472E-17  0.383725E-17 -0.115584E-34  0.912551E-18
     18  0.173472E-17  0.974930E-18  0.141085E+01  0.867362E-18 -0.433681E-18
     19 -0.118687E-17 -0.139436E+01 -0.974930E-18 -0.179198E-17 -0.892121E-18
     20  0.240915E-34 -0.173472E-17 -0.333499E-17  0.118344E-34 -0.149921E-17
     21 -0.496907E-34 -0.520417E-17  0.729584E-17  0.401948E-35  0.342405E-17
     22  0.173472E-17  0.165836E-17  0.844006E+00 -0.173472E-17 -0.260209E-17
     23 -0.564741E-17 -0.815429E+00 -0.165836E-17 -0.381030E-17 -0.603555E-17
     24 -0.627015E-33 -0.693889E-17 -0.106987E-16 -0.103272E-34 -0.743801E-17
     25 -0.965265E-18  0.260209E-17  0.330500E-17 -0.118195E-17  0.644868E-33
     26  0.965265E-18  0.173472E-17  0.247787E-17  0.118195E-17  0.120855E-17
     27  0.617281E-35 -0.104083E-16  0.772007E-17 -0.578196E-34  0.514188E-17
     28 -0.142632E-01 -0.169639E-17  0.216840E-17 -0.173139E-01 -0.372653E+00
     29  0.346945E-17 -0.207207E-17 -0.515226E+00  0.867362E-18 -0.346945E-17
     30  0.224206E-17  0.479284E+00  0.207207E-17  0.154797E-17  0.452498E-17
     31 -0.447668E-18 -0.225460E-01 -0.386571E-18  0.514805E-18 -0.102245E-19
     32 -0.301838E-17 -0.200550E+00 -0.303710E-18  0.253679E-17 -0.829473E-18
     33 -0.433783E+00 -0.223368E-18 -0.302694E+00  0.488995E+00 -0.158638E+00
     34  0.221824E-17 -0.242907E+00 -0.298928E-17 -0.219459E-17  0.620129E-18
     35 -0.106616E-17 -0.172743E+00 -0.272994E-18 -0.621212E-18 -0.705719E-18
     36 -0.501967E-17 -0.320297E+00  0.393117E-17  0.384700E-17 -0.753069E-18
     37 -0.179364E+00 -0.793866E-18  0.155895E+00  0.168219E+00 -0.237032E+00
     38  0.437485E-17  0.299161E-01 -0.139254E-16 -0.370934E-17 -0.250358E-17
     39 -0.220516E-17 -0.317824E+00  0.155873E-17 -0.205201E-17 -0.119497E-17
     40 -0.205871E-17 -0.237118E+00 -0.152006E-17  0.205513E-17 -0.106097E-17
     41 -0.296251E-17 -0.970339E-01  0.218528E-17  0.295602E-17 -0.496933E-18
     42 -0.206394E-17 -0.182286E+00 -0.800747E-18  0.127251E-17 -0.681642E-18
     43  0.109673E+00 -0.528539E-18 -0.130019E+00 -0.133195E+00  0.222357E+00
     44 -0.101604E+00 -0.154124E-18 -0.367308E-01 -0.315613E-02 -0.183846E+00
     45  0.780344E-18  0.126398E+00 -0.799780E-18  0.360521E-18  0.852125E-18
     46 -0.532575E-18 -0.990414E-01 -0.944773E-18  0.964501E-19 -0.416090E-19
     47 -0.211982E-17 -0.265797E+00 -0.701205E-18  0.690742E-18 -0.854939E-18
     48 -0.577076E-01 -0.647459E-01 -0.326088E-01  0.908537E-01 -0.933218E-02
     49 -0.586314E-01 -0.143603E+00  0.270411E-01  0.690320E-01 -0.495425E-01
     50  0.577076E-01 -0.647459E-01  0.326088E-01 -0.908537E-01  0.933218E-02
     51  0.586314E-01 -0.143603E+00 -0.270411E-01 -0.690320E-01  0.495425E-01
     52  0.260209E-17  0.225460E-01 -0.525733E-17 -0.173472E-17 -0.111698E-17
     53  0.104083E-16  0.200550E+00 -0.427384E-16 -0.104083E-16 -0.355036E-16
     54  0.433783E+00 -0.715455E-16 -0.302694E+00 -0.488995E+00  0.158638E+00
     55 -0.568884E-16 -0.242907E+00  0.854233E-16  0.622116E-16 -0.332472E-16
     56 -0.346945E-17  0.172743E+00 -0.160129E-16  0.693889E-17 -0.430277E-16
     57  0.520417E-17  0.320297E+00 -0.393026E-16 -0.104083E-16 -0.212116E-16
     58  0.179364E+00  0.166193E-16  0.155895E+00 -0.168219E+00  0.237032E+00
     59 -0.236243E-16  0.299161E-01 -0.664461E-17  0.224597E-16 -0.121054E-16
     60 -0.428260E-17  0.317824E+00 -0.359168E-16  0.346945E-17 -0.242333E-16
     61  0.269386E-16  0.237118E+00 -0.396989E-16 -0.205834E-16  0.619625E-17
     62 -0.165303E-16  0.970339E-01 -0.412510E-16  0.136445E-16 -0.577172E-16
     63 -0.346945E-17  0.182286E+00 -0.142678E-16 -0.346945E-17 -0.492226E-16
     64  0.109673E+00 -0.206390E-17  0.130019E+00 -0.133195E+00  0.222357E+00
     65  0.101604E+00  0.573072E-17 -0.367308E-01  0.315613E-02  0.183846E+00
     66 -0.783375E-17  0.126398E+00 -0.222106E-16 -0.125699E-16 -0.749160E-16
     67 -0.577076E-01  0.647459E-01  0.326088E-01  0.908537E-01 -0.933218E-02
     68 -0.586314E-01  0.143603E+00 -0.270411E-01  0.690320E-01 -0.495425E-01
     69  0.577076E-01  0.647459E-01 -0.326088E-01 -0.908537E-01  0.933218E-02
     70  0.586314E-01  0.143603E+00  0.270411E-01 -0.690320E-01  0.495425E-01
     71  0.173472E-17  0.990414E-01 -0.190820E-16 -0.433681E-18 -0.374050E-17
     72  0.173472E-17  0.265797E+00 -0.329597E-16 -0.173472E-17 -0.186483E-16
               11            12            13            14            15
     11 -0.000000E+00
     12 -0.172598E-16 -0.000000E+00
     13  0.273933E+01 -0.260292E+00 -0.000000E+00
     14 -0.596311E-17 -0.125767E-16 -0.531477E-17 -0.000000E+00
     15 -0.131499E-16  0.210589E-16  0.975782E-17 -0.289647E+01 -0.000000E+00
     16 -0.110060E-19 -0.605297E-36  0.165168E-03 -0.216840E-18  0.811339E-18
     17 -0.912551E-18  0.872446E-34  0.134331E-01  0.693889E-17  0.564517E-17
     18  0.130104E-17 -0.867362E-17  0.168592E-17  0.333056E-18  0.165671E+01
     19  0.157099E-17 -0.526921E-17 -0.000000E+00 -0.165093E+01 -0.333056E-18
     20  0.149921E-17 -0.110306E-33 -0.226306E-01 -0.520417E-17 -0.791908E-17
     21 -0.342405E-17  0.982488E-34  0.504841E-01  0.867362E-18  0.297883E-17
     22  0.346945E-17  0.693889E-17  0.495010E-17 -0.104384E-17  0.804762E+00
     23 -0.294404E-17 -0.889078E-17 -0.000000E+00 -0.822666E+00  0.104384E-17
     24  0.743801E-17  0.260546E-33 -0.111415E+00 -0.433681E-17 -0.187815E-17
     25 -0.120855E-17 -0.235770E-17  0.372653E+00  0.867362E-18  0.306111E-17
     26 -0.644805E-33  0.235770E-17 -0.354689E+00  0.433681E-17 -0.348443E-17
     27 -0.514188E-17 -0.589469E-34  0.761623E-01 -0.138778E-16  0.122424E-16
     28  0.354689E+00 -0.357979E-01  0.855117E-33 -0.459422E-17  0.173472E-17
     29  0.867362E-18 -0.346945E-17 -0.558958E-17 -0.133952E-32 -0.143569E+01
     30 -0.492912E-17  0.112346E-16  0.156125E-16  0.143569E+01  0.128725E-32
     31 -0.450628E-18 -0.255858E-18 -0.830855E-02  0.510716E-02  0.629934E-18
     32 -0.306536E-17 -0.492175E-17 -0.259024E+00  0.158822E+00  0.257673E-17
     33 -0.311839E+00 -0.238662E+00 -0.182842E-17  0.249481E-17  0.434931E+00
     34  0.199294E-17  0.778328E-17  0.141050E+00 -0.157296E+00 -0.159346E-17
     35 -0.313286E-17 -0.139987E-17 -0.304949E+00  0.748705E-01  0.129063E-17
     36 -0.595934E-17 -0.686035E-17 -0.138033E+00  0.743135E-01 -0.314905E-17
     37  0.222247E-01 -0.945718E-01  0.100508E-17  0.516072E-17  0.117051E+00
     38  0.913709E-17  0.767304E-17 -0.151748E+00 -0.399789E-01  0.924557E-17
     39 -0.511332E-17 -0.289990E-17 -0.168328E+00 -0.122358E+00 -0.640928E-18
     40 -0.203695E-17 -0.199037E-17 -0.190801E+00  0.158042E+00  0.249707E-17
     41 -0.750788E-18 -0.974491E-17 -0.199047E+00  0.239144E+00  0.206337E-17
     42 -0.368149E-17 -0.150960E-17 -0.353485E+00  0.597316E-01  0.152134E-17
     43  0.937249E-01  0.259038E+00  0.231044E-17 -0.404337E-17 -0.288797E+00
     44 -0.141839E+00 -0.545829E-01 -0.259439E-17  0.126880E-17  0.148142E+00
     45  0.256257E-17  0.229019E-17  0.413810E+00 -0.182938E+00 -0.228841E-17
     46 -0.399978E-18 -0.645129E-19 -0.255859E-01  0.307804E-02  0.622676E-19
     47 -0.232761E-17 -0.227175E-17 -0.147429E+00 -0.146529E-01 -0.154196E-18
     48 -0.183717E-01 -0.206209E-01 -0.141885E-01  0.173574E-01  0.296911E-01
     49 -0.472577E-02 -0.284328E-01 -0.307884E-01  0.573144E-01  0.246068E-01
     50  0.183717E-01  0.206209E-01 -0.141885E-01  0.173574E-01 -0.296911E-01
     51  0.472577E-02  0.284328E-01 -0.307884E-01  0.573144E-01 -0.246068E-01
     52  0.325828E-17  0.130104E-17 -0.830855E-02 -0.510716E-02  0.423423E-17
     53  0.372383E-16 -0.605319E-27 -0.259024E+00 -0.158822E+00  0.118149E-16
     54  0.311839E+00  0.238662E+00  0.226268E-16  0.278959E-16  0.434931E+00
     55 -0.201609E-16 -0.287986E-16 -0.141050E+00 -0.157296E+00 -0.322327E-16
     56  0.386909E-16  0.108420E-17 -0.304949E+00 -0.748705E-01  0.101991E-16
     57  0.264158E-16  0.693889E-17 -0.138033E+00 -0.743135E-01  0.421218E-17
     58 -0.222247E-01  0.945718E-01 -0.373623E-16  0.558746E-17  0.117051E+00
     59 -0.822392E-17 -0.575595E-17  0.151748E+00 -0.399789E-01 -0.194110E-16
     60  0.281365E-16  0.260209E-17 -0.168328E+00  0.122358E+00 -0.156422E-16
     61  0.381098E-16  0.339471E-16 -0.190801E+00 -0.158042E+00  0.695055E-16
     62  0.183985E-16 -0.192020E-16 -0.199047E+00 -0.239144E+00 -0.580382E-17
     63  0.644014E-16  0.433681E-17 -0.353485E+00 -0.597316E-01  0.171631E-16
     64  0.937249E-01  0.259038E+00 -0.346152E-16  0.576322E-17  0.288797E+00
     65  0.141839E+00  0.545829E-01 -0.767059E-16 -0.652988E-17  0.148142E+00
     66  0.454577E-16 -0.355245E-17 -0.413810E+00 -0.182938E+00  0.913196E-17
     67 -0.183717E-01 -0.206209E-01 -0.141885E-01 -0.173574E-01 -0.296911E-01
     68 -0.472577E-02 -0.284328E-01 -0.307884E-01 -0.573144E-01 -0.246068E-01
     69  0.183717E-01  0.206209E-01 -0.141885E-01 -0.173574E-01  0.296911E-01
     70  0.472577E-02  0.284328E-01 -0.307884E-01 -0.573144E-01  0.246068E-01
     71  0.390313E-17 -0.542101E-19 -0.255859E-01 -0.307804E-02  0.216840E-18
     72  0.225514E-16  0.303577E-17 -0.147429E+00  0.146529E-01 -0.260209E-17
               16            17            18            19            20
     16 -0.000000E+00
     17 -0.000000E+00 -0.000000E+00
     18 -0.000000E+00 -0.000000E+00  0.240741E-34
     19 -0.242284E-16 -0.109281E-16 -0.465463E+02 -0.722224E-34
     20 -0.000000E+00 -0.000000E+00 -0.433681E-17 -0.400592E-17 -0.000000E+00
     21 -0.000000E+00 -0.000000E+00  0.867362E-17  0.422018E-17 -0.000000E+00
     22  0.867362E-18  0.346945E-17 -0.204934E-17  0.549105E+01 -0.867362E-18
     23 -0.271709E-17 -0.973810E-17 -0.552621E+01  0.204934E-17  0.321281E-17
     24 -0.000000E+00 -0.000000E+00 -0.216840E-18 -0.795405E-18 -0.000000E+00
     25 -0.389248E-18 -0.383549E-17  0.693889E-17  0.577546E-17  0.138038E-17
     26  0.389248E-18  0.383549E-17  0.693889E-17 -0.133603E-16 -0.138038E-17
     27 -0.000000E+00 -0.000000E+00 -0.173472E-17  0.642554E-17 -0.000000E+00
     28 -0.591119E-02 -0.589986E-01 -0.143971E-16 -0.346945E-16  0.203224E-01
     29  0.216840E-18  0.346945E-17  0.344314E-18 -0.151421E+00  0.693889E-17
     30  0.403597E-18  0.425131E-17  0.157236E+00 -0.344314E-18 -0.166920E-16
     31 -0.149200E-34 -0.293192E-23 -0.794429E-07 -0.589809E-23  0.996444E-23
     32 -0.393011E-21 -0.293209E-19 -0.304077E-02 -0.170819E-19  0.510382E-19
     33 -0.196346E-06 -0.161906E-03 -0.107780E-19  0.875663E-03  0.344212E-03
     34  0.718789E-21  0.380068E-19  0.455995E-02  0.947649E-20 -0.751258E-19
     35 -0.129845E-20 -0.604943E-19 -0.760480E-02 -0.422880E-19  0.117171E-18
     36 -0.555037E-19 -0.398093E-18 -0.124918E+00  0.322884E-19  0.451908E-18
     37 -0.195854E-04 -0.146350E-02 -0.292289E-18  0.121664E+00  0.175089E-02
     38  0.520724E-19  0.362696E-18  0.114582E+00 -0.368707E-18 -0.419562E-18
     39 -0.167266E-18 -0.101571E-17 -0.366355E+00  0.676196E-19  0.969621E-18
     40 -0.113439E-23 -0.288325E-20 -0.179561E-03 -0.287935E-20  0.715960E-20
     41 -0.573598E-22 -0.165957E-19 -0.176440E-02 -0.519873E-20  0.407308E-19
     42 -0.161960E-21 -0.383209E-19 -0.350876E-02 -0.379528E-19  0.829079E-19
     43  0.293460E-07  0.123223E-03  0.632871E-20 -0.426867E-03 -0.310162E-03
     44 -0.509844E-07 -0.213153E-03 -0.105417E-19  0.375243E-03  0.497686E-03
     45  0.161926E-21  0.415723E-19  0.393739E-02  0.249734E-19 -0.905896E-19
     46 -0.245573E-22 -0.427281E-20 -0.344958E-03 -0.744894E-20  0.542687E-20
     47 -0.651080E-19 -0.430692E-18 -0.149771E+00 -0.156387E-18  0.345477E-18
     48 -0.249810E-10 -0.834237E-06 -0.376671E-05  0.853112E-06  0.241752E-05
     49 -0.156888E-05 -0.165191E-03 -0.161973E-01  0.102939E-01  0.229726E-03
     50  0.249810E-10  0.834237E-06 -0.376671E-05 -0.853112E-06 -0.241752E-05
     51  0.156888E-05  0.165191E-03 -0.161973E-01 -0.102939E-01 -0.229726E-03
     52  0.180556E-34 -0.242888E-32  0.794429E-07 -0.573133E-23  0.661744E-23
     53  0.476456E-21  0.237169E-19  0.304077E-02 -0.394492E-18 -0.542101E-19
     54  0.196346E-06  0.161906E-03  0.677312E-18  0.875663E-03 -0.344212E-03
     55  0.643692E-21  0.272930E-19  0.455995E-02 -0.675618E-18 -0.417849E-19
     56  0.116467E-20  0.542101E-19  0.760480E-02 -0.984907E-18 -0.108420E-18
     57  0.643745E-19  0.487891E-18  0.124918E+00 -0.152151E-16 -0.487891E-18
     58  0.195854E-04  0.146350E-02  0.292441E-16  0.121664E+00 -0.175089E-02
     59  0.521558E-19  0.253017E-18  0.114582E+00 -0.285665E-16 -0.279827E-18
     60  0.135525E-18  0.108420E-17  0.366355E+00 -0.447852E-16 -0.975782E-18
     61  0.477163E-23  0.197479E-19  0.179561E-03  0.378005E-19 -0.432442E-19
     62  0.540616E-22 -0.450136E-20  0.176440E-02 -0.282159E-18  0.169862E-19
     63  0.198523E-21  0.406576E-19  0.350876E-02 -0.429961E-18 -0.406576E-19
     64  0.293460E-07  0.123223E-03  0.393862E-18  0.426867E-03 -0.310162E-03
     65  0.509844E-07  0.213153E-03  0.543254E-18  0.375243E-03 -0.497686E-03
     66  0.164542E-21  0.131010E-19  0.393739E-02 -0.546643E-18 -0.117857E-19
     67 -0.249810E-10 -0.834237E-06  0.376671E-05 -0.853112E-06  0.241752E-05
     68 -0.156888E-05 -0.165191E-03  0.161973E-01 -0.102939E-01  0.229726E-03
     69  0.249810E-10  0.834237E-06  0.376671E-05  0.853112E-06 -0.241752E-05
     70  0.156888E-05  0.165191E-03  0.161973E-01  0.102939E-01 -0.229726E-03
     71  0.264698E-22  0.508220E-20  0.344958E-03 -0.525160E-19 -0.118585E-19
     72  0.609864E-19  0.433681E-18  0.149771E+00 -0.185941E-16 -0.325261E-18
               21            22            23            24            25
     21 -0.000000E+00
     22  0.346945E-17 -0.000000E+00
     23 -0.843314E-17 -0.198488E+01 -0.000000E+00
     24 -0.000000E+00 -0.520417E-17 -0.400580E-17 -0.000000E+00
     25 -0.237167E-17 -0.867362E-18  0.748470E-17  0.879596E-18 -0.000000E+00
     26  0.237167E-17  0.104083E-16  0.309863E-17 -0.879596E-18  0.394607E-17
     27 -0.000000E+00  0.693889E-17  0.103348E-16 -0.000000E+00  0.270250E-17
     28 -0.347337E-01 -0.466544E-17 -0.520417E-17  0.132864E-01 -0.431218E+01
     29 -0.173472E-17 -0.152782E-17 -0.236265E+00 -0.000000E+00 -0.173472E-17
     30  0.241186E-17  0.210186E+00  0.152782E-17 -0.581492E-17  0.232086E-17
     31 -0.201219E-19 -0.907492E-03 -0.320322E-19  0.795834E-19 -0.356303E-23
     32 -0.384979E-18 -0.388280E-01 -0.168271E-18  0.102368E-17 -0.152316E-19
     33 -0.249290E-01 -0.119979E-18 -0.221561E-01  0.845088E-01 -0.308789E-02
     34  0.318670E-18  0.232460E-01 -0.193639E-18 -0.887115E-18  0.152264E-19
     35 -0.458702E-18 -0.569073E-01 -0.265588E-18  0.104276E-17 -0.343989E-19
     36 -0.108357E-17 -0.138329E+00  0.566891E-18  0.209510E-17 -0.217478E-18
     37 -0.199924E-01 -0.724843E-18  0.108398E+00  0.488622E-01 -0.462222E-01
     38  0.872584E-18  0.777872E-01 -0.243894E-17 -0.191724E-17  0.670861E-19
     39 -0.169272E-17 -0.279682E+00  0.723161E-18  0.241919E-17 -0.573416E-18
     40 -0.193145E-18 -0.218396E-01 -0.194450E-18  0.577760E-18 -0.737863E-20
     41 -0.315685E-18 -0.291268E-01  0.137949E-18  0.998691E-18 -0.552517E-20
     42 -0.459593E-18 -0.539394E-01 -0.394447E-18  0.105138E-17 -0.214957E-19
     43  0.103280E-01  0.536175E-19 -0.120910E-01 -0.346993E-01  0.221377E-02
     44 -0.200877E-01 -0.137575E-18 -0.129235E-01  0.558008E-01 -0.348318E-02
     45  0.356230E-18  0.451823E-01 -0.996474E-19 -0.902446E-18  0.173049E-19
     46 -0.103100E-18 -0.143200E-01 -0.239556E-18  0.203865E-18 -0.330112E-20
     47 -0.956589E-18 -0.145892E+00 -0.479142E-18  0.120355E-17 -0.291048E-18
     48 -0.156482E-02 -0.184191E-02 -0.176370E-02  0.597307E-02 -0.167550E-04
     49 -0.427316E-02 -0.320947E-01  0.135777E-01  0.119334E-01 -0.473648E-02
     50  0.156482E-02 -0.184191E-02  0.176370E-02 -0.597307E-02  0.167550E-04
     51  0.427316E-02 -0.320947E-01 -0.135777E-01 -0.119334E-01  0.473648E-02
     52  0.542101E-19  0.907492E-03 -0.131907E-18 -0.216840E-18 -0.472908E-21
     53 -0.216840E-18  0.388280E-01 -0.367575E-17 -0.433681E-18 -0.924976E-18
     54  0.249290E-01 -0.151581E-19 -0.221561E-01 -0.845088E-01  0.308789E-02
     55 -0.301766E-17  0.232460E-01 -0.310103E-18  0.101536E-16 -0.121372E-17
     56  0.433681E-18  0.569073E-01 -0.616172E-17  0.743533E-27 -0.211908E-17
     57  0.108420E-17  0.138329E+00 -0.162329E-16 -0.173472E-17 -0.487882E-17
     58  0.199924E-01  0.236301E-16  0.108398E+00 -0.488622E-01  0.462222E-01
     59 -0.267991E-18  0.777872E-01 -0.209196E-16  0.529754E-17 -0.418490E-17
     60  0.173472E-17  0.279682E+00 -0.333063E-16 -0.303577E-17 -0.136390E-16
     61  0.120669E-17  0.218396E-01 -0.679852E-18 -0.330838E-17  0.216839E-18
     62 -0.120669E-17  0.291268E-01 -0.526123E-17  0.309154E-17 -0.793999E-18
     63 -0.433681E-18  0.539394E-01 -0.626520E-17 -0.130104E-17 -0.178051E-17
     64  0.103280E-01  0.314752E-17  0.120910E-01 -0.346993E-01  0.221377E-02
     65  0.200877E-01  0.325642E-17 -0.129235E-01 -0.558008E-01  0.348318E-02
     66 -0.198603E-17  0.451823E-01 -0.358168E-17  0.530248E-17 -0.179138E-17
     67 -0.156482E-02  0.184191E-02  0.176370E-02  0.597307E-02 -0.167550E-04
     68 -0.427316E-02  0.320947E-01 -0.135777E-01  0.119334E-01 -0.473648E-02
     69  0.156482E-02  0.184191E-02 -0.176370E-02 -0.597307E-02  0.167550E-04
     70  0.427316E-02  0.320947E-01  0.135777E-01 -0.119334E-01  0.473648E-02
     71  0.656808E-33  0.143200E-01 -0.151788E-17 -0.201444E-32 -0.304932E-18
     72  0.867362E-18  0.145892E+00 -0.179978E-16 -0.130104E-17 -0.948677E-17
               26            27            28            29            30
     26 -0.000000E+00
     27 -0.270250E-17 -0.000000E+00
     28  0.425354E+01 -0.398236E-01 -0.458383E-47
     29 -0.433681E-18  0.173472E-17 -0.320103E-17 -0.000000E+00
     30 -0.250666E-17  0.734527E-17 -0.000000E+00 -0.396511E+01 -0.000000E+00
     31 -0.141391E-21 -0.499106E-21 -0.357022E-05  0.591985E-05  0.440530E-21
     32 -0.498726E-19 -0.261480E-18 -0.673299E-02  0.176084E-01  0.116905E-18
     33  0.177141E-02 -0.282249E-02 -0.254092E-19  0.754766E-19 -0.367742E-02
     34  0.168562E-19  0.327361E-18  0.595569E-02 -0.246344E-01 -0.418917E-19
     35 -0.101394E-18 -0.458950E-18 -0.148641E-01  0.331355E-01  0.233133E-18
     36 -0.399997E-18 -0.120634E-17 -0.370337E-01  0.932496E-01 -0.175998E-18
     37  0.389837E-01 -0.686249E-02 -0.286789E-19  0.708183E-18 -0.824310E-01
     38  0.331908E-18  0.108158E-17 -0.120389E-01 -0.748372E-01  0.110734E-17
     39 -0.100972E-17 -0.217646E-17 -0.983675E-01  0.181498E+00 -0.313998E-18
     40 -0.124254E-19 -0.565304E-19 -0.756099E-03  0.232494E-02  0.369014E-19
     41 -0.413720E-20 -0.228017E-18 -0.346488E-02  0.169385E-01  0.334579E-19
     42 -0.102160E-18 -0.393858E-18 -0.127713E-01  0.252385E-01  0.269374E-18
     43 -0.145941E-02  0.306301E-02  0.145453E-19 -0.586311E-19  0.354718E-02
     44  0.132997E-02 -0.450918E-02 -0.383158E-19  0.848960E-19 -0.144570E-02
     45  0.376921E-19  0.456644E-18  0.101271E-01 -0.320283E-01 -0.166842E-18
     46 -0.343575E-19 -0.251757E-19 -0.213600E-02  0.162554E-02  0.424223E-19
     47 -0.504303E-18 -0.822190E-18 -0.716191E-01  0.690416E-01  0.232734E-18
     48 -0.788821E-07 -0.475706E-04 -0.174478E-04  0.659103E-04  0.704247E-05
     49  0.380706E-02 -0.106990E-02 -0.336502E-02  0.190382E-01 -0.107968E-01
     50  0.788821E-07  0.475706E-04 -0.174478E-04  0.659103E-04 -0.704247E-05
     51 -0.380706E-02  0.106990E-02 -0.336502E-02  0.190382E-01  0.107968E-01
     52  0.982451E-21 -0.473997E-30 -0.357022E-05 -0.591985E-05  0.159971E-20
     53  0.972409E-18  0.216840E-18 -0.673299E-02 -0.176084E-01  0.225852E-17
     54 -0.177141E-02  0.282249E-02 -0.176608E-17 -0.355056E-17 -0.367742E-02
     55  0.107165E-17 -0.711616E-19 -0.595569E-02 -0.246344E-01  0.349635E-17
     56  0.224105E-17  0.542101E-18 -0.148641E-01 -0.331355E-01  0.435562E-17
     57  0.552934E-17  0.130104E-17 -0.370337E-01 -0.932496E-01  0.112241E-16
     58 -0.389837E-01  0.686249E-02 -0.162589E-16 -0.198242E-16 -0.824310E-01
     59  0.333240E-17  0.508030E-18  0.120389E-01 -0.748372E-01  0.179540E-16
     60  0.150485E-16  0.238524E-17 -0.983675E-01 -0.181498E+00  0.220165E-16
     61 -0.903078E-19  0.484870E-18 -0.756099E-03 -0.232494E-02 -0.244787E-18
     62  0.722526E-18 -0.234149E-18 -0.346488E-02 -0.169385E-01  0.265432E-17
     63  0.180083E-17  0.433681E-18 -0.127713E-01 -0.252385E-01  0.332031E-17
     64 -0.145941E-02  0.306301E-02 -0.138575E-17 -0.352747E-17 -0.354718E-02
     65 -0.132997E-02  0.450918E-02 -0.238632E-17 -0.418172E-17 -0.144570E-02
     66  0.170889E-17 -0.325625E-18 -0.101271E-01 -0.320283E-01  0.426303E-17
     67 -0.788821E-07 -0.475706E-04 -0.174478E-04 -0.659103E-04 -0.704247E-05
     68  0.380706E-02 -0.106990E-02 -0.336502E-02 -0.190382E-01  0.107968E-01
     69  0.788821E-07  0.475706E-04 -0.174478E-04 -0.659103E-04  0.704247E-05
     70 -0.380706E-02  0.106990E-02 -0.336502E-02 -0.190382E-01 -0.107968E-01
     71  0.311708E-18  0.677626E-20 -0.213600E-02 -0.162554E-02  0.216840E-18
     72  0.106252E-16  0.108420E-17 -0.716191E-01 -0.690416E-01  0.856520E-17
               31            32            33            34            35
     31 -0.000000E+00
     32 -0.000000E+00 -0.000000E+00
     33  0.585018E+00  0.278862E+00 -0.000000E+00
     34 -0.122229E-16 -0.519175E-17 -0.107235E+02  0.962965E-34
     35 -0.000000E+00 -0.000000E+00 -0.695883E-01  0.746747E-19 -0.000000E+00
     36 -0.000000E+00 -0.000000E+00 -0.132689E+00  0.256791E-17 -0.000000E+00
     37  0.803524E-01  0.284697E+00 -0.197978E-17  0.154559E+01  0.726231E-01
     38 -0.155027E-17 -0.518663E-17 -0.165321E+01  0.197978E-17 -0.666877E-19
     39 -0.000000E+00 -0.000000E+00 -0.205109E-01  0.184047E-19 -0.000000E+00
     40 -0.858182E-18 -0.344561E-17  0.253985E+00  0.615376E-17 -0.322190E-19
     41  0.858182E-18  0.344561E-17 -0.289088E+00 -0.607114E-17  0.322190E-19
     42 -0.000000E+00 -0.000000E+00 -0.280678E+00  0.520201E-17 -0.000000E+00
     43 -0.330115E-01 -0.140944E+00 -0.834543E-17  0.509438E+00 -0.302256E+00
     44  0.148859E-01  0.648870E-01  0.601282E-20  0.277067E-01  0.467645E+00
     45 -0.169337E-19 -0.699322E-19  0.321153E-01 -0.601282E-20 -0.838560E-17
     46 -0.527628E-18 -0.160574E-17 -0.819319E+00 -0.426818E-18 -0.161566E-17
     47 -0.511182E-18 -0.157639E-17 -0.629500E+00  0.125483E-17 -0.605919E-18
     48  0.313522E-01  0.111897E+00  0.211150E-01  0.727266E+00 -0.920587E-01
     49  0.257765E-01  0.984091E-01 -0.546880E-01  0.531757E+00 -0.109439E-01
     50 -0.313522E-01 -0.111897E+00  0.211150E-01 -0.727266E+00  0.920587E-01
     51 -0.257765E-01 -0.984091E-01 -0.546880E-01 -0.531757E+00  0.109439E-01
     52 -0.914283E-32 -0.295420E-21  0.346464E-05  0.119640E-20 -0.257165E-21
     53 -0.996028E-21 -0.589712E-18  0.357220E-02  0.139441E-17 -0.487269E-18
     54  0.346464E-05  0.357220E-02  0.270167E-19 -0.800361E-02  0.133257E-02
     55 -0.251045E-20 -0.156415E-17  0.800361E-02  0.345602E-17 -0.115134E-17
     56 -0.157869E-21 -0.487220E-18  0.133257E-02  0.960514E-18 -0.539265E-18
     57 -0.228174E-18 -0.192177E-17  0.870437E-01 -0.470275E-18 -0.208430E-17
     58  0.183419E-02  0.353779E-01  0.155095E-16 -0.136106E-01  0.208492E-01
     59 -0.227389E-17 -0.104018E-16  0.258968E+00 -0.516661E-17 -0.514968E-17
     60 -0.264510E-19 -0.166471E-17  0.719089E-02  0.276161E-17 -0.269312E-17
     61  0.494655E-22  0.321665E-18  0.129510E-02 -0.949944E-18  0.143102E-18
     62 -0.736928E-21 -0.205439E-17  0.615684E-02  0.411284E-17 -0.104318E-17
     63 -0.532677E-23 -0.282784E-18  0.897135E-03  0.618504E-18 -0.257016E-18
     64  0.799982E-06  0.532111E-02 -0.297402E-18 -0.128318E-01  0.163447E-02
     65  0.273627E-07  0.772387E-03  0.120517E-18 -0.171716E-02  0.132124E-02
     66 -0.388446E-22 -0.839502E-18  0.213560E-02  0.165178E-17 -0.972570E-18
     67 -0.584732E-07 -0.379129E-03  0.428689E-03  0.963162E-03  0.155136E-03
     68 -0.592344E-03 -0.100114E-01  0.461239E-01  0.171276E-02 -0.354591E-02
     69  0.584732E-07  0.379129E-03  0.428689E-03 -0.963162E-03 -0.155136E-03
     70  0.592344E-03  0.100114E-01  0.461239E-01 -0.171276E-02  0.354591E-02
     71 -0.928963E-26 -0.232934E-20  0.842645E-05  0.677626E-20 -0.227640E-20
     72 -0.169407E-19 -0.786047E-18  0.838670E-02  0.867362E-18 -0.830092E-18
               36            37            38            39            40
     36 -0.000000E+00
     37  0.239902E+00 -0.000000E+00
     38 -0.417063E-17 -0.676037E+00 -0.000000E+00
     39 -0.000000E+00 -0.828302E-01  0.746734E-19 -0.000000E+00
     40 -0.146737E-17 -0.126762E+00  0.416322E-17 -0.102832E-19 -0.000000E+00
     41  0.146737E-17 -0.271281E+00  0.351428E-17  0.102832E-19  0.441510E-17
     42 -0.000000E+00 -0.241146E+00  0.417809E-17 -0.000000E+00  0.198076E-17
     43 -0.605927E-01 -0.297438E-17  0.755777E-01 -0.795297E-01 -0.269413E+01
     44  0.287427E-01  0.333222E-19  0.138123E+00  0.880851E-01 -0.478730E-01
     45 -0.283803E-19  0.159456E+00 -0.333222E-19 -0.155989E-17 -0.561089E-19
     46 -0.931556E-18 -0.432517E+00  0.539213E-18 -0.690049E-18 -0.544364E-18
     47 -0.132176E-17 -0.441780E+00  0.205888E-17 -0.620948E-18 -0.566543E-18
     48  0.643340E-01 -0.461618E-01  0.338065E+00 -0.452668E-01  0.371132E-01
     49  0.885336E-01 -0.994996E-01  0.271737E+00 -0.138702E-01  0.478103E-01
     50 -0.643340E-01 -0.461618E-01 -0.338065E+00  0.452668E-01 -0.371132E-01
     51 -0.885336E-01 -0.994996E-01 -0.271737E+00  0.138702E-01 -0.478103E-01
     52  0.558704E-19  0.183419E-02 -0.599718E-18 -0.505688E-19 -0.605596E-22
     53 -0.157823E-17  0.353779E-01  0.654442E-17 -0.299640E-17 -0.343057E-18
     54  0.870437E-01 -0.156907E-16 -0.258968E+00  0.719089E-02  0.129510E-02
     55 -0.122257E-16  0.136106E-01  0.282944E-16 -0.285445E-17 -0.110475E-17
     56 -0.427099E-17  0.208492E-01  0.674637E-17 -0.161735E-17 -0.760662E-19
     57 -0.679879E-17  0.116244E+00  0.668555E-17 -0.581944E-17 -0.539688E-17
     58  0.116244E+00 -0.126593E-17 -0.173176E+00  0.435892E-01  0.439602E-01
     59 -0.149262E-16  0.173176E+00  0.147146E-16 -0.129645E-16 -0.140436E-16
     60 -0.581944E-17  0.435892E-01  0.772560E-17 -0.768544E-17 -0.405344E-18
     61  0.446152E-17  0.439602E-01  0.318882E-17  0.208710E-18 -0.443382E-20
     62 -0.860974E-17  0.298335E-01  0.120267E-16 -0.452408E-17 -0.779234E-18
     63 -0.245968E-17  0.200209E-01  0.654429E-17 -0.513085E-17 -0.521485E-19
     64  0.623191E-01 -0.116760E-16 -0.143759E+00  0.694928E-02  0.134118E-02
     65  0.102246E-01 -0.644166E-18 -0.255319E-01  0.277239E-01  0.133075E-03
     66 -0.657686E-17  0.300555E-01  0.858782E-17 -0.700805E-17 -0.135210E-18
     67 -0.177932E-01  0.191551E-01  0.515464E-01  0.955534E-02 -0.140569E-03
     68 -0.389336E-01  0.762827E-01  0.606702E-01  0.146693E-02 -0.146173E-01
     69  0.177932E-01  0.191551E-01 -0.515464E-01 -0.955534E-02  0.140569E-03
     70  0.389336E-01  0.762827E-01 -0.606702E-01 -0.146693E-02  0.146173E-01
     71 -0.460786E-18  0.368458E-02  0.130104E-17 -0.271051E-18 -0.390429E-21
     72 -0.346945E-17  0.372012E-01  0.520417E-17 -0.326616E-17 -0.575982E-18
               41            42            43            44            45
     41 -0.000000E+00
     42 -0.198076E-17 -0.000000E+00
     43  0.250788E+01 -0.806132E-01 -0.000000E+00
     44  0.570290E-01  0.115451E+00  0.667087E-19 -0.000000E+00
     45  0.519108E-19 -0.125142E-18 -0.669396E-01 -0.209586E+01 -0.000000E+00
     46 -0.802714E-18 -0.212706E-17 -0.544976E+00 -0.482699E+00 -0.816717E-18
     47 -0.152778E-17 -0.155648E-17 -0.923459E-01 -0.167748E+00  0.395908E-18
     48  0.921285E-01  0.115876E+00  0.482601E+00 -0.554848E-01 -0.360165E+00
     49  0.962763E-01  0.798222E-01  0.119996E+00  0.395596E-02 -0.119355E+00
     50 -0.921285E-01 -0.115876E+00  0.482601E+00 -0.554848E-01  0.360165E+00
     51 -0.962763E-01 -0.798222E-01  0.119996E+00  0.395596E-02  0.119355E+00
     52 -0.797017E-21 -0.292153E-23 -0.799982E-06  0.273627E-07  0.715700E-22
     53 -0.107310E-17 -0.242972E-18 -0.532111E-02  0.772387E-03  0.710873E-18
     54  0.615684E-02  0.897135E-03 -0.470957E-18  0.418101E-19 -0.213560E-02
     55 -0.324038E-17 -0.689547E-18 -0.128318E-01  0.171716E-02  0.182880E-17
     56 -0.819105E-18 -0.262405E-18 -0.163447E-02  0.132124E-02  0.864170E-18
     57 -0.126452E-17 -0.182804E-17 -0.623191E-01  0.102246E-01  0.300547E-17
     58  0.298335E-01  0.200209E-01 -0.924107E-17 -0.377987E-18 -0.300555E-01
     59 -0.113200E-16 -0.562875E-17 -0.143759E+00  0.255319E-01  0.101392E-16
     60 -0.186797E-17 -0.169194E-17 -0.694928E-02  0.277239E-01  0.128274E-17
     61  0.684377E-18  0.712295E-19 -0.134118E-02  0.133075E-03 -0.227005E-18
     62 -0.411237E-17 -0.568303E-18 -0.963494E-02  0.136912E-02  0.180200E-17
     63 -0.445017E-18 -0.123331E-18 -0.958225E-03  0.332789E-03  0.368998E-18
     64  0.963494E-02  0.958225E-03  0.111963E-18  0.550989E-19 -0.252288E-02
     65  0.136912E-02  0.332789E-03 -0.114213E-18  0.238767E-19 -0.157194E-02
     66 -0.155755E-17 -0.406398E-18 -0.252288E-02  0.157194E-02  0.140578E-17
     67 -0.515028E-03 -0.481761E-04 -0.428762E-03 -0.689788E-04 -0.116127E-03
     68 -0.707343E-02 -0.441962E-02 -0.313342E-01 -0.135204E-03  0.700518E-02
     69  0.515028E-03  0.481761E-04 -0.428762E-03 -0.689788E-04  0.116127E-03
     70  0.707343E-02  0.441962E-02 -0.313342E-01 -0.135204E-03 -0.700518E-02
     71 -0.307049E-20 -0.605496E-21 -0.533196E-05  0.183418E-05  0.198523E-20
     72 -0.100289E-17 -0.582759E-18 -0.836465E-02  0.275423E-02  0.104016E-17
               46            47            48            49            50
     46 -0.000000E+00
     47 -0.000000E+00 -0.000000E+00
     48  0.603009E-01  0.115187E+00 -0.000000E+00
     49  0.115263E+00  0.145631E+00 -0.000000E+00 -0.000000E+00
     50 -0.603009E-01 -0.115187E+00 -0.232319E-01 -0.600801E-01 -0.000000E+00
     51 -0.115263E+00 -0.145631E+00 -0.600801E-01 -0.986536E-01 -0.000000E+00
     52 -0.124285E-25  0.179249E-19  0.584732E-07  0.592344E-03 -0.584732E-07
     53 -0.234807E-20 -0.739434E-18  0.379129E-03  0.100114E-01 -0.379129E-03
     54  0.842645E-05  0.838670E-02  0.428689E-03  0.461239E-01  0.428689E-03
     55 -0.823847E-20 -0.194459E-17  0.963162E-03  0.171276E-02 -0.963162E-03
     56 -0.228428E-20 -0.800890E-18 -0.155136E-03  0.354591E-02  0.155136E-03
     57 -0.405370E-18 -0.354671E-17  0.177932E-01  0.389336E-01 -0.177932E-01
     58  0.368458E-02  0.372012E-01  0.191551E-01  0.762827E-01  0.191551E-01
     59 -0.144707E-17 -0.844598E-17  0.515464E-01  0.606702E-01 -0.515464E-01
     60 -0.273418E-18 -0.345018E-17 -0.955534E-02 -0.146693E-02  0.955534E-02
     61  0.376526E-21  0.203616E-18  0.140569E-03  0.146173E-01 -0.140569E-03
     62 -0.383019E-20 -0.215470E-17  0.515028E-03  0.707343E-02 -0.515028E-03
     63 -0.614400E-21 -0.578599E-18  0.481761E-04  0.441962E-02 -0.481761E-04
     64  0.533196E-05  0.836465E-02  0.428762E-03  0.313342E-01  0.428762E-03
     65  0.183418E-05  0.275423E-02 -0.689788E-04 -0.135204E-03 -0.689788E-04
     66 -0.220674E-20 -0.138123E-17 -0.116127E-03  0.700518E-02  0.116127E-03
     67 -0.141378E-06 -0.125460E-02  0.370577E-21 -0.610038E-02 -0.418067E-03
     68 -0.991186E-03 -0.101210E-01  0.610038E-02  0.867362E-18 -0.268535E-01
     69  0.141378E-06  0.125460E-02  0.418067E-03  0.268535E-01 -0.370577E-21
     70  0.991186E-03  0.101210E-01  0.268535E-01  0.696930E-01 -0.610038E-02
     71 -0.248154E-23 -0.474338E-19  0.141378E-06  0.991186E-03 -0.141378E-06
     72 -0.491279E-19 -0.138236E-17  0.125460E-02  0.101210E-01 -0.125460E-02
               51            52            53            54            55
     51 -0.000000E+00
     52 -0.592344E-03 -0.000000E+00
     53 -0.100114E-01 -0.000000E+00 -0.000000E+00
     54  0.461239E-01 -0.585018E+00 -0.278862E+00  0.542101E-19
     55 -0.171276E-02 -0.239693E-16  0.168298E-16 -0.107235E+02  0.325261E-18
     56 -0.354591E-02 -0.000000E+00 -0.000000E+00  0.695883E-01 -0.597657E-16
     57 -0.389336E-01 -0.000000E+00 -0.000000E+00  0.132689E+00 -0.909828E-17
     58  0.762827E-01 -0.803524E-01 -0.284697E+00 -0.245063E-16  0.154559E+01
     59 -0.606702E-01  0.364671E-17  0.317793E-16 -0.165321E+01  0.258074E-16
     60  0.146693E-02 -0.000000E+00 -0.000000E+00  0.205109E-01 -0.514523E-17
     61 -0.146173E-01 -0.111708E-16 -0.461669E-16 -0.253985E+00 -0.158696E-16
     62 -0.707343E-02  0.113877E-16  0.452995E-16  0.289088E+00  0.135537E-16
     63 -0.441962E-02 -0.000000E+00 -0.000000E+00  0.280678E+00  0.414394E-16
     64  0.313342E-01 -0.330115E-01 -0.140944E+00  0.465114E-16 -0.509438E+00
     65 -0.135204E-03 -0.148859E-01 -0.648870E-01  0.385620E-17  0.277067E-01
     66 -0.700518E-02  0.219767E-16  0.464457E-16  0.321153E-01 -0.331410E-17
     67 -0.268535E-01  0.313522E-01  0.111897E+00 -0.211150E-01 -0.727266E+00
     68 -0.696930E-01  0.257765E-01  0.984091E-01  0.546880E-01 -0.531757E+00
     69  0.610038E-02 -0.313522E-01 -0.111897E+00 -0.211150E-01  0.727266E+00
     70 -0.867362E-18 -0.257765E-01 -0.984091E-01  0.546880E-01  0.531757E+00
     71 -0.991186E-03  0.346945E-17  0.139799E-31  0.819319E+00 -0.104083E-15
     72 -0.101210E-01  0.346945E-17  0.346945E-17  0.629500E+00 -0.763278E-16
               56            57            58            59            60
     56 -0.000000E+00
     57 -0.000000E+00 -0.000000E+00
     58 -0.726231E-01 -0.239902E+00 -0.000000E+00
     59  0.417918E-16  0.223069E-16 -0.676037E+00 -0.000000E+00
     60 -0.000000E+00 -0.000000E+00  0.828302E-01 -0.110229E-16 -0.000000E+00
     61 -0.171814E-16 -0.174082E-16  0.126762E+00 -0.115873E-15 -0.529746E-17
     62  0.180488E-16  0.178419E-16  0.271281E+00 -0.129241E-16  0.529746E-17
     63 -0.000000E+00 -0.000000E+00  0.241146E+00  0.108935E-16 -0.000000E+00
     64 -0.302256E+00 -0.605927E-01  0.684826E-16 -0.755777E-01 -0.795297E-01
     65 -0.467645E+00 -0.287427E-01  0.162715E-16  0.138123E+00 -0.880851E-01
     66 -0.779763E-16  0.244392E-16  0.159456E+00 -0.162715E-16 -0.109180E-16
     67 -0.920587E-01  0.643340E-01  0.461618E-01 -0.338065E+00 -0.452668E-01
     68 -0.109439E-01  0.885336E-01  0.994996E-01 -0.271737E+00 -0.138702E-01
     69  0.920587E-01 -0.643340E-01  0.461618E-01  0.338065E+00  0.452668E-01
     70  0.109439E-01 -0.885336E-01  0.994996E-01  0.271737E+00  0.138702E-01
     71 -0.173472E-17  0.520417E-17  0.432517E+00 -0.520417E-16  0.173472E-17
     72 -0.867362E-17  0.346945E-17  0.441780E+00 -0.485723E-16 -0.867362E-18
               61            62            63            64            65
     61 -0.000000E+00
     62  0.506260E-16 -0.000000E+00
     63  0.388038E-16 -0.388038E-16 -0.000000E+00
     64 -0.269413E+01  0.250788E+01 -0.806132E-01 -0.573437E-32
     65  0.478730E-01 -0.570290E-01 -0.115451E+00 -0.111585E-15 -0.000000E+00
     66  0.716300E-16 -0.298797E-16  0.122523E-15  0.669396E-01 -0.209586E+01
     67  0.371132E-01  0.921285E-01  0.115876E+00  0.482601E+00  0.554848E-01
     68  0.478103E-01  0.962763E-01  0.798222E-01  0.119996E+00 -0.395596E-02
     69 -0.371132E-01 -0.921285E-01 -0.115876E+00  0.482601E+00  0.554848E-01
     70 -0.478103E-01 -0.962763E-01 -0.798222E-01  0.119996E+00 -0.395596E-02
     71 -0.832667E-16  0.763278E-16  0.346945E-17 -0.544976E+00  0.482699E+00
     72 -0.346945E-17  0.225514E-16  0.138778E-16 -0.923459E-01  0.167748E+00
               66            67            68            69            70
     66 -0.000000E+00
     67  0.360165E+00 -0.000000E+00
     68  0.119355E+00 -0.000000E+00 -0.000000E+00
     69 -0.360165E+00 -0.232319E-01 -0.600801E-01 -0.000000E+00
     70 -0.119355E+00 -0.600801E-01 -0.986536E-01 -0.000000E+00 -0.000000E+00
     71 -0.589806E-16 -0.603009E-01 -0.115263E+00  0.603009E-01  0.115263E+00
     72 -0.173472E-16 -0.115187E+00 -0.145631E+00  0.115187E+00  0.145631E+00
               71            72
     71 -0.000000E+00
     72 -0.000000E+00 -0.000000E+00
