   0.0000000000000000     
   0.0000000000000000     
   1.3877787807814457E-017
  -5.6430297033588980E-017
   0.0000000000000000     
   0.0000000000000000     
  -1.7347234759768071E-018
  -7.5845169938837836E-018
   0.0000000000000000     
  -5.9170176365209702E-018
   5.9170176365209702E-018
   0.0000000000000000     
  -8.9092570508398611E-002
  -1.6263032587282567E-018
   2.8539252486713536E-018
   3.2979156194359767E-040
  -9.4988547461698302E-037
   5.4210108624275222E-020
  -3.5724842014304032E-019
   3.8623614876976500E-036
  -6.3325486325215479E-036
  -3.4694469519536142E-018
  -3.2950865362337664E-018
  -3.7983993978550953E-035
  -1.2911025400236581E-019
   1.2911025400236566E-019
  -3.5427157956087223E-035
  -1.9351652947552386E-003
   0.0000000000000000     
   3.3340134982653323E-018
  -5.3541636754707493E-023
  -8.7810163069040418E-019
  -1.7914306666525575E-003
   1.6249274808561949E-018
  -1.1309398154845258E-018
  -1.8922222902878931E-018
  -2.7584856658195620E-003
   2.0011612151984041E-018
  -2.2695573051005024E-018
  -5.8677992354566616E-020
  -1.6323543698305034E-018
  -7.5930314679219198E-019
   3.4201888770383311E-003
  -2.2809864759134649E-003
   1.7788331495446162E-018
  -5.4655962854761976E-021
  -8.1969917958120572E-019
  -2.4180859846576775E-005
  -5.1709691890829525E-004
   2.4180859846576720E-005
   5.1709691890829514E-004
   2.6469779588887538E-023
   7.5894152068926904E-019
   1.7914306666525575E-003
   1.4535685077572172E-018
   9.7578195517137222E-019
   1.7347234758905358E-018
   2.7584856658195590E-003
   1.8671107810508421E-018
   2.3852447793650945E-018
   5.1876885283852603E-019
   1.4056900032275855E-018
   6.5052130343681675E-019
   3.4201888770383324E-003
   2.2809864759134645E-003
   1.2381410876819641E-018
  -2.4180859846576717E-005
  -5.1709691890829482E-004
   2.4180859846576751E-005
   5.1709691890829612E-004
   5.0821976835258065E-021
   8.1315162936412823E-019
   0.0000000000000000     
   2.0816681711721685E-017
  -2.6253864388784305E-017
   0.0000000000000000     
   0.0000000000000000     
  -2.4286128663675299E-017
  -2.6231552698353747E-017
   0.0000000000000000     
  -2.4627938411046206E-017
   2.4627938411046206E-017
   0.0000000000000000     
 -0.36776240130035770     
  -6.5052130349130266E-019
   1.1420242890090148E-017
  -7.5444315196855134E-037
  -1.1176114472960074E-036
   1.7347234759768071E-018
  -2.0147968204109182E-018
   5.5225360415173720E-035
   3.5913534917832284E-034
  -5.2041704279304213E-018
  -8.6330256923615678E-018
   5.6317961985034111E-034
  -1.4948768042389911E-018
   1.4948768042389913E-018
  -1.0949460930226667E-034
  -2.2120153194905463E-002
  -3.4694469519536142E-018
   6.1330824264022776E-018
  -2.5479095144211302E-019
  -4.0010626415504830E-018
 -0.24838509998426120     
   4.9512079230592184E-018
  -2.8165339692008388E-018
  -6.4915398773971142E-018
 -0.11246107956887429     
   6.4036644206181470E-018
  -4.6984444732590145E-018
  -2.0092385216043639E-018
  -5.4417063061736647E-018
  -2.6136845699607427E-018
  0.19635857361742448     
 -0.13092869605370508     
   3.5917154713970161E-018
  -1.9704232193549070E-019
  -2.5721210191455468E-018
  -1.7608687262174530E-002
  -2.9861925583832688E-002
   1.7608687262174533E-002
   2.9861925583832664E-002
   8.6736173772696636E-019
   3.4694469510236781E-018
  0.24838509998426109     
  -2.4084822649381831E-017
   3.4694469508755764E-018
   5.2041704273200340E-018
  0.11246107956887426     
  -7.5527353381962100E-018
   5.2041704273485855E-018
   2.8529234094815010E-017
  -2.7661872357522163E-017
   1.2143064330516180E-017
  0.19635857361742445     
  0.13092869605370508     
  -5.2346506090809210E-018
  -1.7608687262174537E-002
  -2.9861925583832660E-002
   1.7608687262174530E-002
   2.9861925583832664E-002
   2.1684043449710223E-019
   2.6020852139652091E-018
   1.9259299443872359E-034
  -11.125677181267829     
   6.2883726004159257E-018
   6.9388939039072284E-018
  -1.4336607000578151E-017
  -1.9207076008812907     
   2.3310346708438345E-018
  -3.4694469519536142E-018
   0.0000000000000000     
  -6.5919492087118670E-017
  -3.3399385208194602E-017
  -1.9721771949092625E-018
 -0.43261394635112910     
  -3.2526065174565133E-019
   4.3368086899420177E-018
   2.9196659649118957E-019
 -0.76431222077363015     
   3.4694469519536142E-018
   0.0000000000000000     
  -2.9153400101077286E-018
  -1.0382876890577555     
  -1.3877787807814457E-017
   4.3368086899420177E-019
  -8.6736173798840355E-019
   3.4694469519536142E-018
  -2.5609009402022109E-018
  -3.0307834432767978E-019
   1.1638476433469287     
  -5.1860335710151376E-003
 -0.29741373235952684     
  -1.8124476869188562E-018
  0.35793583232850334     
 -0.34807764338306624     
 -0.52854696030651560     
  -5.6066556847841140E-018
  0.42042117880347646     
 -0.61690257108369617     
 -0.14461910677243020     
 -0.40107766637682324     
 -0.29359661863847347     
   2.5577072837483013E-018
  -1.5737631982977958E-018
  0.51621233712446946     
  -1.5802552827034924E-002
 -0.26980788698253783     
  -1.4502141392678733E-002
 -0.16040290540127430     
  -1.4502141392678733E-002
 -0.16040290540127430     
   5.1860335710151376E-003
  0.29741373235952684     
   7.9565729606819466E-018
  0.35793583232850334     
  0.34807764338306624     
  0.52854696030651571     
   1.0019986126887495E-016
  0.42042117880347651     
  0.61690257108369617     
  0.14461910677243017     
  0.40107766637682318     
  0.29359661863847353     
   4.3104926206391092E-017
   5.7009255637710595E-017
  0.51621233712446946     
   1.4502141392678738E-002
  0.16040290540127430     
   1.4502141392678726E-002
  0.16040290540127430     
   1.5802552827034928E-002
  0.26980788698253783     
  -1.3962992096807460E-033
  -1.2297406518756816E-017
   1.2138395976385251E-017
   1.6732298269514603     
   1.4336607000578151E-017
  -3.0737966349667607E-018
   3.2419781901682605E-017
  -3.0166176234930245E-017
   2.7871932610666025E-017
   0.0000000000000000     
  0.39789687785723610     
   1.9721771949092625E-018
   3.3385546475391139E-019
   3.0853107334424327E-018
  0.76924555472961154     
  -2.9196659649118851E-019
  -4.4821036663842588E-018
   5.3384081719626778E-018
  0.98834806116524043     
   2.9153400101077306E-018
  -1.0433749724969853E-017
   2.0750006505978696E-018
  -1.5172903343200192E-018
   1.1776819241228293E-017
  -8.6736173798840355E-019
  -1.1689781761302283     
   3.0307834432767655E-019
  -4.4350446926508012E-019
  -2.5566796947402307E-018
 -0.28200411035549278     
   5.7231451133672679E-019
  -2.3544329424365170E-018
   3.0922534660405404E-018
  0.34056193508463484     
  -1.0888171055624876E-017
   2.0065008806431741E-018
  -2.0169331572094860E-018
  -9.2901334497260981E-019
  -3.1374969640608723E-018
   6.0572540489916726E-002
  -9.9261159987686864E-002
   2.5903761266404563E-018
  -3.3369422299304090E-019
  -5.7336771423269480E-019
  -2.2234811906402193E-002
   5.1830640527335256E-002
   2.2234811906402190E-002
  -5.1830640527335249E-002
  -3.3374740058149381E-018
  -4.2858850017745074E-017
 -0.28200411035549278     
  -6.2218494850904010E-018
  -4.7112984425582053E-017
  -6.0357466066467045E-017
  0.34056193508463478     
  -7.8298977385239730E-017
  -7.3375079252294049E-017
  -2.4148649007292425E-017
  -3.7880438695851761E-017
  -4.6122554565087949E-017
  -6.0572540489916699E-002
  -9.9261159987686892E-002
  -5.5708213031168630E-017
   2.2234811906402183E-002
  -5.1830640527335256E-002
  -2.2234811906402190E-002
   5.1830640527335242E-002
  -2.3852447794681113E-018
  -3.3827107781547738E-017
   0.0000000000000000     
   0.0000000000000000     
  -6.5052130349130266E-019
   1.0546144759842846E-017
   0.0000000000000000     
   1.0952475556726306E-017
  -1.0952475556726306E-017
   0.0000000000000000     
  0.16142449961564478     
   2.7755575615628914E-017
  -4.7669021429085832E-017
  -1.1503363078159439E-036
  -2.0360226264789854E-034
  -3.4694469519536142E-018
  -3.4801441159582904E-018
  -1.4226669901347383E-034
   3.6552652455964797E-036
   1.7347234759768071E-018
  -5.3543057899824535E-018
   1.2479694282730904E-034
  -1.8593121100211625E-018
   1.8593121100211625E-018
  -1.0480052379707252E-034
  -2.7663784090974686E-002
  -1.0408340855860843E-017
   8.9338519778537010E-018
   3.1997161179078170E-019
   3.9560631509321419E-018
  0.29150657099089011     
  -5.8644361364172768E-018
   1.2324383247275522E-018
   4.7227661759883873E-018
   9.5278077037374453E-002
  -5.1234934846484538E-018
  -2.5314290646132866E-019
   1.9890178289841933E-018
   6.9242614022601305E-018
   1.2527429029437892E-018
 -0.22632647106282375     
   7.0064181880287013E-002
  -2.7312166398027445E-018
   3.8407103215153484E-020
   9.0269281002254897E-019
   2.5780671312682957E-002
   3.0459210080415269E-002
  -2.5780671312682954E-002
  -3.0459210080415269E-002
  -1.7347234756525271E-018
  -1.0408340855243537E-017
 -0.29150657099089006     
   2.8918908376282036E-017
  -1.0842021688748025E-019
  -6.0715321656836464E-018
  -9.5278077037374495E-002
   6.8928690113778112E-018
   2.1684043439322046E-019
  -2.5859106607404561E-017
   2.0654936180224710E-017
  -4.3368086895760595E-018
 -0.22632647106282378     
  -7.0064181880286999E-002
   5.8747217202602264E-018
   2.5780671312682957E-002
   3.0459210080415262E-002
  -2.5780671312682951E-002
  -3.0459210080415265E-002
  -1.0842021724855066E-019
  -1.3010426069826053E-018
   0.0000000000000000     
  -3.4694469519536142E-017
  -1.8616034742936679E-017
   0.0000000000000000     
  -9.8683192101870348E-018
   9.8683192101870348E-018
   0.0000000000000000     
 -0.14845799620869563     
  -9.3783487919996134E-018
   4.8291474114545610E-018
  -4.2832741807560764E-037
  -1.0404949151620654E-035
   1.7347234759768071E-018
  -1.1868739448407824E-018
   2.4091451629172469E-035
  -4.9690716274917828E-035
   1.7347234759768071E-018
  -5.6474146744718768E-018
  -6.2701480447140022E-034
  -9.6526462134050499E-019
   9.6526462134050576E-019
   6.1728118487038332E-036
  -1.4263171329388981E-002
   3.4694469519536142E-018
   2.2420587777566332E-018
  -4.4766815845610299E-019
  -3.0183806751077457E-018
 -0.43378339853697107     
   2.2182405057135644E-018
  -1.0661556696740621E-018
  -5.0196720522199435E-018
 -0.17936356838382370     
   4.3748478180706267E-018
  -2.2051599689734715E-018
  -2.0587099809045415E-018
  -2.9625141531597567E-018
  -2.0639410848078115E-018
  0.10967267591940533     
 -0.10160439891770895     
   7.8034357393012104E-019
  -5.3257476481775338E-019
  -2.1198235082164348E-018
  -5.7707617934720012E-002
  -5.8631354721009651E-002
   5.7707617934720012E-002
   5.8631354721009651E-002
   2.6020852133797314E-018
   1.0408340854160627E-017
  0.43378339853697107     
  -5.6888402883934266E-017
  -3.4694469535368234E-018
   5.2041704268781378E-018
  0.17936356838382364     
  -2.3624319703293083E-017
  -4.2825985821540137E-018
   2.6938642090276118E-017
  -1.6530301235769398E-017
  -3.4694469541680084E-018
  0.10967267591940533     
  0.10160439891770894     
  -7.8337470588383681E-018
  -5.7707617934720012E-002
  -5.8631354721009610E-002
   5.7707617934720019E-002
   5.8631354721009644E-002
   1.7347234759768079E-018
   1.7347234759768046E-018
   0.0000000000000000     
 -0.89587429443086530     
   4.9873299934333204E-018
   1.5612511283791264E-017
   3.8163916471489756E-017
  -1.3877787807814457E-017
  -1.8053021676114271E-017
  -1.0956253050066200E-017
 -0.41915277687389496     
  -2.1684043449710089E-019
   1.7347234759768071E-018
   9.7493009040764372E-019
  -1.3943602321998667     
  -1.7347234759768071E-018
  -5.2041704279304213E-018
   1.6583561985204574E-018
 -0.81542948503337942     
  -6.9388939039072284E-018
   2.6020852139652106E-018
   1.7347234759768071E-018
  -1.0408340855860843E-017
  -1.6963912965122858E-018
  -2.0720668016592732E-018
  0.47928381574376711     
  -2.2545956920875364E-002
 -0.20055041806271345     
  -2.2336776827741062E-019
 -0.24290741231425358     
 -0.17274320589680300     
 -0.32029690427175900     
  -7.9386625066197446E-019
   2.9916080215693589E-002
 -0.31782371435697387     
 -0.23711771118508249     
  -9.7033934842572042E-002
 -0.18228611427186417     
  -5.2853850977152056E-019
  -1.5412367145017701E-019
  0.12639772002049798     
  -9.9041387814780071E-002
 -0.26579714928017134     
  -6.4745895040957208E-002
 -0.14360344157366980     
  -6.4745895040957208E-002
 -0.14360344157366980     
   2.2545956920875361E-002
  0.20055041806271348     
  -7.1545526178001581E-017
 -0.24290741231425350     
  0.17274320589680300     
  0.32029690427175900     
   1.6619265077203939E-017
   2.9916080215693624E-002
  0.31782371435697387     
  0.23711771118508249     
   9.7033934842572098E-002
  0.18228611427186420     
  -2.0638954127403337E-018
   5.7307192719175574E-018
  0.12639772002049798     
   6.4745895040957208E-002
  0.14360344157366983     
   6.4745895040957208E-002
  0.14360344157366980     
   9.9041387814780057E-002
  0.26579714928017123     
   0.0000000000000000     
  -7.9531476063642240E-018
   1.4912106738610502E-017
   1.8988043588404727E-017
   2.3685023333179979E-017
   3.4694469519536142E-018
  0.23062325410059625     
   1.0956253050066200E-017
   6.7359564740964979E-019
   3.8372464316813587E-018
   1.4108532243143479     
  -9.7493009040764315E-019
  -3.3349865434079981E-018
   7.2958436974015643E-018
  0.84400574404266493     
  -1.6583561985204559E-018
  -1.0698665020245859E-017
   3.3049977180572613E-018
   2.4778651721007037E-018
   7.7200674104417207E-018
   2.1684043449710089E-018
 -0.51522582868896238     
   2.0720668016592724E-018
  -3.8657053393650642E-019
  -3.0370955238381210E-019
 -0.30269350467372758     
  -2.9892778147282687E-018
  -2.7299374904042166E-019
   3.9311655995404791E-018
  0.15589533887898274     
  -1.3925411972299909E-017
   1.5587317775461796E-018
  -1.5200633725616630E-018
   2.1852762414618444E-018
  -8.0074658941226567E-019
 -0.13001912707050617     
  -3.6730844994906239E-002
  -7.9977974304369727E-019
  -9.4477335375833072E-019
  -7.0120453868484872E-019
  -3.2608805259353557E-002
   2.7041052823146776E-002
   3.2608805259353557E-002
  -2.7041052823146755E-002
  -5.2573322663364563E-018
  -4.2738404262939495E-017
 -0.30269350467372763     
   8.5423313980945561E-017
  -1.6012903593116035E-017
  -3.9302644663483515E-017
  0.15589533887898283     
  -6.6446050930908361E-018
  -3.5916754877470185E-017
  -3.9698914908554733E-017
  -4.1251012635151090E-017
  -1.4267781615637369E-017
  0.13001912707050617     
  -3.6730844994906219E-002
  -2.2210592299501503E-017
   3.2608805259353578E-002
  -2.7041052823146755E-002
  -3.2608805259353599E-002
   2.7041052823146762E-002
  -1.9081958235744875E-017
  -3.2959746043559335E-017
   0.0000000000000000     
   3.3962785192205462E-018
  -3.3962785192205462E-018
   0.0000000000000000     
   5.0385536993649296E-002
  -6.9388939039072284E-018
  -8.8539964701567389E-018
   8.7891530929035233E-037
  -1.1558402482045452E-035
   8.6736173798840355E-019
  -1.7919757020858055E-018
   1.1834433397848173E-035
   4.0194818088158370E-036
  -1.7347234759768071E-018
  -3.8102974618276935E-018
  -1.0327166366613984E-035
  -1.1819514910700448E-018
   1.1819514910700456E-018
  -5.7819592516426534E-035
  -1.7313910655205180E-002
   8.6736173798840355E-019
   1.5479691687608404E-018
   5.1480531170258003E-019
   2.5367931359211136E-018
  0.48899452734332366     
  -2.1945853022254085E-018
  -6.2121218755744783E-019
   3.8469950921553193E-018
  0.16821894239167745     
  -3.7093377983222876E-018
  -2.0520096272249472E-018
   2.0551250821149530E-018
   2.9560235406872472E-018
   1.2725074695192246E-018
 -0.13319455401291652     
  -3.1561322113844502E-003
   3.6052143686861296E-019
   9.6450120328010360E-020
   6.9074185782477543E-019
   9.0853694646648567E-002
   6.9031967032983421E-002
  -9.0853694646648567E-002
  -6.9031967032983407E-002
  -1.7347234753163158E-018
  -1.0408340854759278E-017
 -0.48899452734332377     
   6.2211631155458379E-017
   6.9388939041116081E-018
  -1.0408340855390381E-017
 -0.16821894239167745     
   2.2459726188708098E-017
   3.4694469516860586E-018
  -2.0583372301624143E-017
   1.3644478398850711E-017
  -3.4694469512122733E-018
 -0.13319455401291647     
   3.1561322113844901E-003
  -1.2569902350332392E-017
   9.0853694646648581E-002
   6.9031967032983393E-002
  -9.0853694646648581E-002
  -6.9031967032983393E-002
  -4.3368086899420163E-019
  -1.7347234759768069E-018
   0.0000000000000000     
   2.8083587627118390E-017
   1.7259813958850880E-017
  -3.1591581312422332     
   3.4694469519536142E-018
   1.4042286799129127E-017
   1.1006005204440797E-020
   9.1255062049616515E-019
  -4.3368086899420177E-019
  -8.9212072946508044E-019
  -1.4992120430164650E-018
   3.4240470611595211E-018
  -2.6020852139652106E-018
  -6.0355546758048853E-018
  -7.4380082762482645E-018
   6.4486754028848306E-034
   1.2085475679005612E-018
   5.1418786644299476E-018
 -0.37265348694254397     
  -3.4694469519536142E-018
   4.5249845906835362E-018
  -1.0224517962339925E-020
  -8.2947301260775986E-019
 -0.15863761789643030     
   6.2012874454206178E-019
  -7.0571881484149111E-019
  -7.5306894169840605E-019
 -0.23703205623421908     
  -2.5035821920980977E-018
  -1.1949743327906585E-018
  -1.0609747143191703E-018
  -4.9693287119103920E-019
  -6.8164199660298410E-019
  0.22235689639703879     
 -0.18384601926535474     
   8.5212529312239111E-019
  -4.1608981870216889E-020
  -8.5493947495607516E-019
  -9.3321846548794236E-003
  -4.9542530645766275E-002
   9.3321846548794218E-003
   4.9542530645766247E-002
  -1.1169775384861290E-018
  -3.5503575770104888E-017
  0.15863761789643036     
  -3.3247166406748138E-017
  -4.3027716615366516E-017
  -2.1211625185672183E-017
  0.23703205623421908     
  -1.2105436736359374E-017
  -2.4233324854689159E-017
   6.1962515425956598E-018
  -5.7717160691391407E-017
  -4.9222612588217908E-017
  0.22235689639703871     
  0.18384601926535471     
  -7.4916015004124012E-017
  -9.3321846548794201E-003
  -4.9542530645766240E-002
   9.3321846548794166E-003
   4.9542530645766240E-002
  -3.7404974950749888E-018
  -1.8648277366750676E-017
   0.0000000000000000     
  -1.7259813958850880E-017
   2.7393314759339784     
  -5.9631119486702744E-018
  -1.3149858182960713E-017
  -1.1006005204440862E-020
  -9.1255062049616515E-019
   1.3010426069826053E-018
   1.5709933125164997E-018
   1.4992120430164652E-018
  -3.4240470611595203E-018
   3.4694469519536142E-018
  -2.9440359078363012E-018
   7.4380082762482629E-018
  -1.2085475679005615E-018
  -6.4480488385648071E-034
  -5.1418786644299476E-018
  0.35468937688864466     
   8.6736173798840355E-019
  -4.9291212401768254E-018
  -4.5062774987819491E-019
  -3.0653617106238643E-018
 -0.31183867050370279     
   1.9929404595521315E-018
  -3.1328588556388288E-018
  -5.9593408141059888E-018
   2.2224651134258689E-002
   9.1370895986461443E-018
  -5.1133227061555173E-018
  -2.0369512597367171E-018
  -7.5078774238572840E-019
  -3.6814875268018196E-018
   9.3724928452584177E-002
 -0.14183924821936067     
   2.5625685934831150E-018
  -3.9997756950431130E-019
  -2.3276141325628681E-018
  -1.8371668494147706E-002
  -4.7257659618010761E-003
   1.8371668494147703E-002
   4.7257659618010648E-003
   3.2582768286180928E-018
   3.7238299244224618E-017
  0.31183867050370273     
  -2.0160946205319883E-017
   3.8690907922864281E-017
   2.6415795612500365E-017
  -2.2224651134258738E-002
  -8.2239185902793952E-018
   2.8136452674501885E-017
   3.8109774365663396E-017
   1.8398464775890804E-017
   6.4401442999806180E-017
   9.3724928452584136E-002
  0.14183924821936064     
   4.5457661891671921E-017
  -1.8371668494147706E-002
  -4.7257659618010327E-003
   1.8371668494147692E-002
   4.7257659618010674E-003
   3.9031278209478160E-018
   2.2551405187698489E-017
   0.0000000000000000     
 -0.26029195992941839     
  -1.2576745200831851E-017
   2.1058943481651149E-017
  -6.0529744541475345E-037
   8.7244552087931752E-035
  -8.6736173798840355E-018
  -5.2692087445223251E-018
  -1.1030611842115363E-034
   9.8248830837470899E-035
   6.9388939039072284E-018
  -8.8907842003225592E-018
   2.6054609718913697E-034
  -2.3577029899421554E-018
   2.3577029899421554E-018
  -5.8946886090895842E-035
  -3.5797859786895106E-002
  -3.4694469519536142E-018
   1.1234565482101420E-017
  -2.5585751739956455E-019
  -4.9217512120575660E-018
 -0.23866164863627393     
   7.7832814153273249E-018
  -1.3998696086010514E-018
  -6.8603524189130555E-018
  -9.4571820147414887E-002
   7.6730420485612838E-018
  -2.8998963713374443E-018
  -1.9903694814578106E-018
  -9.7449095440442017E-018
  -1.5096029603439127E-018
  0.25903753779933897     
  -5.4582912690231078E-002
   2.2901887628454312E-018
  -6.4512902914669617E-020
  -2.2717499591602128E-018
  -2.0620891472251188E-002
  -2.8432784994958896E-002
   2.0620891472251188E-002
   2.8432784994958896E-002
   1.3010426067654484E-018
  -6.0531941185860284E-028
  0.23866164863627398     
  -2.8798613053231584E-017
   1.0842021721447934E-018
   6.9388939035008780E-018
   9.4571820147414901E-002
  -5.7559491641317075E-018
   2.6020852136983900E-018
   3.3947140537856926E-017
  -1.9201990992939713E-017
   4.3368086895883985E-018
  0.25903753779933897     
   5.4582912690231085E-002
  -3.5524509389875518E-018
  -2.0620891472251202E-002
  -2.8432784994958857E-002
   2.0620891472251188E-002
   2.8432784994958896E-002
  -5.4210108624275222E-020
   3.0357660829594113E-018
   0.0000000000000000     
  -5.3147685660601717E-018
   9.7578195523695399E-018
   1.6516805470966962E-004
   1.3433091841958303E-002
   1.6859159443203739E-018
   0.0000000000000000     
  -2.2630604192102412E-002
   5.0484071314436975E-002
   4.9501015419144559E-018
   0.0000000000000000     
 -0.11141516182477899     
  0.37265348694254397     
 -0.35468937688864444     
   7.6162277784448146E-002
   8.5511676031760673E-034
  -5.5895780397235491E-018
   1.5612511283791264E-017
  -8.3085534058038209E-003
 -0.25902370230689392     
  -1.8284180151792002E-018
  0.14105036626681675     
 -0.30494868237440592     
 -0.13803276772487547     
   1.0050784868641068E-018
 -0.15174769618537368     
 -0.16832825835929949     
 -0.19080132954688708     
 -0.19904677822494141     
 -0.35348543105626928     
   2.3104383531795234E-018
  -2.5943921783164285E-018
  0.41380998851695400     
  -2.5585872163798894E-002
 -0.14742920221886388     
  -1.4188519223556875E-002
  -3.0788384190022548E-002
  -1.4188519223556875E-002
  -3.0788384190022555E-002
  -8.3085534058038174E-003
 -0.25902370230689387     
   2.2626838804564371E-017
 -0.14105036626681680     
 -0.30494868237440592     
 -0.13803276772487547     
  -3.7362348933793930E-017
  0.15174769618537370     
 -0.16832825835929949     
 -0.19080132954688708     
 -0.19904677822494143     
 -0.35348543105626928     
  -3.4615249915693326E-017
  -7.6705920023482122E-017
 -0.41380998851695400     
  -1.4188519223556892E-002
  -3.0788384190022555E-002
  -1.4188519223556871E-002
  -3.0788384190022552E-002
  -2.5585872163798894E-002
 -0.14742920221886391     
   0.0000000000000000     
  -2.8964676378986405     
  -2.1684043449710089E-019
   6.9388939039072284E-018
   3.3305597295282687E-019
  -1.6509342890853884     
  -5.2041704279304213E-018
   8.6736173798840355E-019
  -1.0438446118491714E-018
 -0.82266597489485704     
  -4.3368086899420177E-018
   8.6736173798840355E-019
   4.3368086899420177E-018
  -1.3877787807814457E-017
  -4.5942205986986201E-018
  -1.3395193425595836E-033
   1.4356934735672400     
   5.1071595468286388E-003
  0.15882177083682875     
   2.4948134174985657E-018
 -0.15729615422743809     
   7.4870523188689891E-002
   7.4313518161001471E-002
   5.1607186311842182E-018
  -3.9978883638943426E-002
 -0.12235775719966929     
  0.15804180868511089     
  0.23914404732002095     
   5.9731611860839834E-002
  -4.0433655899235992E-018
   1.2687954959123218E-018
 -0.18293793719756946     
   3.0780424331273691E-003
  -1.4652916616715653E-002
   1.7357354293751914E-002
   5.7314437340122315E-002
   1.7357354293751914E-002
   5.7314437340122350E-002
  -5.1071595468286397E-003
 -0.15882177083682875     
   2.7895908855066348E-017
 -0.15729615422743809     
  -7.4870523188689891E-002
  -7.4313518161001457E-002
   5.5874564616296586E-018
  -3.9978883638943405E-002
  0.12235775719966929     
 -0.15804180868511089     
 -0.23914404732002109     
  -5.9731611860839841E-002
   5.7632209227286531E-018
  -6.5298783425830852E-018
 -0.18293793719756946     
  -1.7357354293751889E-002
  -5.7314437340122357E-002
  -1.7357354293751879E-002
  -5.7314437340122364E-002
  -3.0780424331273695E-003
   1.4652916616715658E-002
   0.0000000000000000     
   8.1133932586695100E-019
   5.6451651745835834E-018
   1.6567093665153787     
  -3.3305597295282437E-019
  -7.9190831721977911E-018
   2.9788327357111557E-018
  0.80476234966240900     
   1.0438446118491733E-018
  -1.8781519459680193E-018
   3.0611059346094414E-018
  -3.4844265350246730E-018
   1.2242375486360664E-017
   1.7347234759768071E-018
  -1.4356934735672398     
   1.2872548771861106E-033
   6.2993388458192291E-019
   2.5767259924698612E-018
  0.43493109385957091     
  -1.5934639510341199E-018
   1.2906289074651234E-018
  -3.1490485440260750E-018
  0.11705063392366753     
   9.2455738681149628E-018
  -6.4092819069220799E-019
   2.4970724882757874E-018
   2.0633674072839920E-018
   1.5213397244731013E-018
 -0.28879708109755631     
  0.14814191602252236     
  -2.2884081116134443E-018
   6.2267588625057531E-020
  -1.5419640877626201E-019
   2.9691134211371074E-002
   2.4606830191008507E-002
  -2.9691134211371074E-002
  -2.4606830191008518E-002
   4.2342266684417316E-018
   1.1814928527359263E-017
  0.43493109385957091     
  -3.2232717545281410E-017
   1.0199122906308557E-017
   4.2121764113409133E-018
  0.11705063392366755     
  -1.9411034160650338E-017
  -1.5642180654104520E-017
   6.9505456561999171E-017
  -5.8038215842962498E-018
   1.7163101862758861E-017
  0.28879708109755625     
  0.14814191602252230     
   9.1319635562925323E-018
  -2.9691134211371071E-002
  -2.4606830191008507E-002
   2.9691134211371067E-002
   2.4606830191008507E-002
   2.1684043449710089E-019
  -2.6020852139652106E-018
   0.0000000000000000     
   0.0000000000000000     
   0.0000000000000000     
  -2.4228361799615349E-017
   0.0000000000000000     
   0.0000000000000000     
   8.6736173798840355E-019
  -2.7170859108915004E-018
   0.0000000000000000     
  -3.8924845452261831E-019
   3.8924845452261831E-019
   0.0000000000000000     
  -5.9111896440230162E-003
   2.1684043449710089E-019
   4.0359728023057802E-019
  -1.4919953421454227E-035
  -3.9301096402843998E-022
  -1.9634616727236937E-007
   7.1878913108873884E-022
  -1.2984533425214629E-021
  -5.5503659200326747E-020
  -1.9585444264444294E-005
   5.2072351833107337E-020
  -1.6726589740577082E-019
  -1.1343875743027396E-024
  -5.7359762983918232E-023
  -1.6195965418354235E-022
   2.9346046727785818E-008
  -5.0984433215342772E-008
   1.6192645988881899E-022
  -2.4557257498127637E-023
  -6.5107978554778231E-020
  -2.4980957786542150E-011
  -1.5688784346361029E-006
   2.4980957786542141E-011
   1.5688784346360928E-006
   1.8055593225937504E-035
   4.7645603279536807E-022
   1.9634616727236964E-007
   6.4369159929708992E-022
   1.1646703023556952E-021
   6.4374503986858030E-020
   1.9585444264444239E-005
   5.2155849334087284E-020
   1.3552527154706220E-019
   4.7716305538935616E-024
   5.4061590508785712E-023
   1.9852334699629032E-022
   2.9346046727785808E-008
   5.0984433215342745E-008
   1.6454223551910178E-022
  -2.4980957786542160E-011
  -1.5688784346360979E-006
   2.4980957786542134E-011
   1.5688784346361182E-006
   2.6469779601696927E-023
   6.0986372202309612E-020
   0.0000000000000000     
   0.0000000000000000     
  -1.0928057675818010E-017
   0.0000000000000000     
   0.0000000000000000     
   3.4694469519536142E-018
  -9.7381030318420445E-018
   0.0000000000000000     
  -3.8354891064832015E-018
   3.8354891064832022E-018
   0.0000000000000000     
  -5.8998584131206427E-002
   3.4694469519536142E-018
   4.2513115924995753E-018
  -2.9319171056999021E-024
  -2.9320895755690077E-020
  -1.6190642505988607E-004
   3.8006813588502370E-020
  -6.0494340304094152E-020
  -3.9809334602586742E-019
  -1.4635009739731519E-003
   3.6269607120432960E-019
  -1.0157148990971917E-018
  -2.8832455478380459E-021
  -1.6595721299227517E-020
  -3.8320920786999023E-020
   1.2322336132064899E-004
  -2.1315348417211836E-004
   4.1572313288696348E-020
  -4.2728132278130699E-021
  -4.3069201614928919E-019
  -8.3423650900503749E-007
  -1.6519063476416509E-004
   8.3423650900503749E-007
   1.6519063476416496E-004
  -2.4288774762916936E-033
   2.3716922517933892E-020
   1.6190642505988602E-004
   2.7293048114229100E-020
   5.4210108612376026E-020
   4.8789097757450773E-019
   1.4635009739731517E-003
   2.5301733248857385E-019
   1.0842021723735176E-018
   1.9747948933318442E-020
  -4.5013558850744543E-021
   4.0657581458063879E-020
   1.2322336132064901E-004
   2.1315348417211830E-004
   1.3100994826308920E-020
  -8.3423650900503760E-007
  -1.6519063476416485E-004
   8.3423650900503760E-007
   1.6519063476416499E-004
   5.0821976835258020E-021
   4.3368086899420153E-019
  -2.4074124304840448E-035
  -46.546251322011884     
  -4.3368086899420177E-018
   8.6736173798840355E-018
  -2.0493436318238714E-018
  -5.5262060830573656     
  -2.1684043449710089E-019
   6.9388939039072284E-018
   6.9388939039072284E-018
  -1.7347234759768071E-018
  -1.4397085888116757E-017
   3.4431363116301007E-019
  0.15723561174903825     
  -7.9442944274896073E-008
  -3.0407650954806433E-003
  -1.0777958329128406E-020
   4.5599519076220214E-003
  -7.6047958617634619E-003
 -0.12491758136840349     
  -2.9228896750026196E-019
  0.11458165504671261     
 -0.36635513443085060     
  -1.7956050490781542E-004
  -1.7644035524491388E-003
  -3.5087617088704797E-003
   6.3287149544180712E-021
  -1.0541698321462781E-020
   3.9373943279734100E-003
  -3.4495758887963853E-004
 -0.14977126129363769     
  -3.7667115307592591E-006
  -1.6197348489280717E-002
  -3.7667115307592591E-006
  -1.6197348489280717E-002
   7.9442944274896073E-008
   3.0407650954806433E-003
   6.7731197791357066E-019
   4.5599519076220214E-003
   7.6047958617634619E-003
  0.12491758136840350     
   2.9244138063733890E-017
  0.11458165504671261     
  0.36635513443085060     
   1.7956050490781542E-004
   1.7644035524491388E-003
   3.5087617088704797E-003
   3.9386245586182208E-019
   5.4325438251211667E-019
   3.9373943279734100E-003
   3.7667115307592591E-006
   1.6197348489280717E-002
   3.7667115307592587E-006
   1.6197348489280717E-002
   3.4495758887963853E-004
  0.14977126129363769     
   7.2222372914521344E-035
  -4.0059220843163452E-018
   4.2201814562889444E-018
   5.4910544001174078     
   2.0493436318238714E-018
  -7.9540500320670724E-019
   5.7754637067574110E-018
  -1.3360252130805795E-017
   6.4255436181932450E-018
  -3.4694469519536142E-017
 -0.15142130591903111     
  -3.4431363116301007E-019
  -5.8980861375720917E-024
  -1.7081858338895995E-020
   8.7566344401927864E-004
   9.4764909407578734E-021
  -4.2287973704136806E-020
   3.2288387203769716E-020
  0.12166442333042386     
  -3.6870749945994137E-019
   6.7619616532221305E-020
  -2.8793502431112890E-021
  -5.1987291532982112E-021
  -3.7952789284338289E-020
  -4.2686707813572699E-004
   3.7524342628663407E-004
   2.4973436885914703E-020
  -7.4489445270975362E-021
  -1.5638728550761947E-019
   8.5311197050278959E-007
   1.0293866156301351E-002
  -8.5311197050278980E-007
  -1.0293866156301349E-002
  -5.7313340909959120E-024
  -3.9449192894176652E-019
   8.7566344401927897E-004
  -6.7561791201729627E-019
  -9.8490723771354511E-019
  -1.5215072289946725E-017
  0.12166442333042386     
  -2.8566511705955940E-017
  -4.4785191218858193E-017
   3.7800488185945260E-020
  -2.8215931767303830E-019
  -4.2996106900740419E-019
   4.2686707813572699E-004
   3.7524342628663412E-004
  -5.4664251429659552E-019
  -8.5311197050278959E-007
  -1.0293866156301349E-002
   8.5311197050278959E-007
   1.0293866156301349E-002
  -5.2516042729766621E-020
  -1.8594067258126401E-017
   0.0000000000000000     
   0.0000000000000000     
  -8.6736173798840355E-019
   3.2128081936621039E-018
   0.0000000000000000     
   1.3803753914376924E-018
  -1.3803753914376924E-018
   0.0000000000000000     
   2.0322357600017792E-002
   6.9388939039072284E-018
  -1.6691999394851198E-017
   9.9644404296517926E-024
   5.1038167280482079E-020
   3.4421203538496090E-004
  -7.5125754737497772E-020
   1.1717063103122236E-019
   4.5190751270115340E-019
   1.7508898495747433E-003
  -4.1956214455871016E-019
   9.6962093946510867E-019
   7.1595987537179754E-021
   4.0730826883565105E-020
   8.2907855992190911E-020
  -3.1016240192308813E-004
   4.9768632268952810E-004
  -9.0589598948052828E-020
   5.4268720754463812E-021
   3.4547704584490301E-019
   2.4175189301448159E-006
   2.2972617907973482E-004
  -2.4175189301448159E-006
  -2.2972617907973482E-004
   6.6174449095183071E-024
  -5.4210108614518418E-020
  -3.4421203538496085E-004
  -4.1784896469923876E-020
  -1.0842021722791675E-019
  -4.8789097757442327E-019
  -1.7508898495747431E-003
  -2.7982739662128219E-019
  -9.7578195514414458E-019
  -4.3244237764175479E-020
   1.6986216404554965E-020
  -4.0657581448127158E-020
  -3.1016240192308813E-004
  -4.9768632268952788E-004
  -1.1785660867230669E-020
   2.4175189301448164E-006
   2.2972617907973452E-004
  -2.4175189301448164E-006
  -2.2972617907973490E-004
  -1.1858461261560205E-020
  -3.2526065174565119E-019
   0.0000000000000000     
   3.4694469519536142E-018
  -8.4331382454486489E-018
   0.0000000000000000     
  -2.3716719135689118E-018
   2.3716719135689122E-018
   0.0000000000000000     
  -3.4733687959023374E-002
  -1.7347234759768071E-018
   2.4118638179744068E-018
  -2.0121851340775560E-020
  -3.8497867815775274E-019
  -2.4928977054463251E-002
   3.1867014959112834E-019
  -4.5870242196738008E-019
  -1.0835695552305278E-018
  -1.9992437441173731E-002
   8.7258426086234568E-019
  -1.6927238261806204E-018
  -1.9314466692720709E-019
  -3.1568522559601523E-019
  -4.5959320284854288E-019
   1.0328026366215553E-002
  -2.0087747750671181E-002
   3.5622960420723157E-019
  -1.0310023712411275E-019
  -9.5658866399151498E-019
  -1.5648168333828505E-003
  -4.2731594768030210E-003
   1.5648168333828505E-003
   4.2731594768030210E-003
   5.4210108596326885E-020
  -2.1684043470394783E-019
   2.4928977054463255E-002
  -3.0176570740706015E-018
   4.3368086868172604E-019
   1.0842021722608226E-018
   1.9992437441173738E-002
  -2.6799119749751573E-019
   1.7347234756016240E-018
   1.2066925440467375E-018
  -1.2066925441407498E-018
  -4.3368086940979858E-019
   1.0328026366215557E-002
   2.0087747750671178E-002
  -1.9860348596064732E-018
  -1.5648168333828498E-003
  -4.2731594768030184E-003
   1.5648168333828498E-003
   4.2731594768030210E-003
   6.5680772106217364E-034
   8.6736173798840268E-019
   0.0000000000000000     
  -1.9848805911359266     
  -5.2041704279304213E-018
  -8.6736173798840355E-019
   1.0408340855860843E-017
   6.9388939039072284E-018
  -4.6654416882562566E-018
  -1.5278218075971587E-018
  0.21018551076643524     
  -9.0749241793574025E-004
  -3.8827959078498751E-002
  -1.1997892469839904E-019
   2.3246039035924603E-002
  -5.6907324670889499E-002
 -0.13832896892125984     
  -7.2484253704402549E-019
   7.7787246584671899E-002
 -0.27968242300516005     
  -2.1839585991189792E-002
  -2.9126750091280882E-002
  -5.3939365745520378E-002
   5.3617493774364078E-020
  -1.3757456604993740E-019
   4.5182283893757037E-002
  -1.4319978279299315E-002
 -0.14589214340441273     
  -1.8419133301850242E-003
  -3.2094739302726029E-002
  -1.8419133301850242E-003
  -3.2094739302726029E-002
   9.0749241793574046E-004
   3.8827959078498751E-002
  -1.5158111707070664E-020
   2.3246039035924603E-002
   5.6907324670889499E-002
  0.13832896892125982     
   2.3630071010509105E-017
   7.7787246584671912E-002
  0.27968242300516000     
   2.1839585991189792E-002
   2.9126750091280879E-002
   5.3939365745520385E-002
   3.1475236489060914E-018
   3.2564175316702753E-018
   4.5182283893757030E-002
   1.8419133301850231E-003
   3.2094739302726015E-002
   1.8419133301850236E-003
   3.2094739302726015E-002
   1.4319978279299315E-002
  0.14589214340441276     
   0.0000000000000000     
  -4.0058024457378793E-018
   7.4847019274357380E-018
   3.0986325883965099E-018
   1.0334751909036844E-017
  -5.2041704279304213E-018
 -0.23626544749104719     
   1.5278218075971587E-018
  -3.2032245947673660E-020
  -1.6827078905926629E-019
  -2.2156098558978238E-002
  -1.9363938615237406E-019
  -2.6558771061182594E-019
   5.6689060041657950E-019
  0.10839792426585713     
  -2.4389431213558629E-018
   7.2316099432185249E-019
  -1.9444988912880943E-019
   1.3794899938759738E-019
  -3.9444728405603431E-019
  -1.2090984356799814E-002
  -1.2923508033189918E-002
  -9.9647418160554832E-020
  -2.3955625773497318E-019
  -4.7914220024665922E-019
  -1.7636999105387298E-003
   1.3577711597760632E-002
   1.7636999105387298E-003
  -1.3577711597760630E-002
  -1.3190714366341805E-019
  -3.6757457381701356E-018
  -2.2156098558978245E-002
  -3.1010254049195305E-019
  -6.1617152754570183E-018
  -1.6232884997582670E-017
  0.10839792426585713     
  -2.0919565579790478E-017
  -3.3306257820882801E-017
  -6.7985172053917521E-019
  -5.2612295979437293E-018
  -6.2651975452813540E-018
   1.2090984356799816E-002
  -1.2923508033189920E-002
  -3.5816781842655429E-018
   1.7636999105387298E-003
  -1.3577711597760630E-002
  -1.7636999105387296E-003
   1.3577711597760627E-002
  -1.5178830414797077E-018
  -1.7997756063259374E-017
   0.0000000000000000     
   8.7959644970557797E-019
  -8.7959644970557797E-019
   0.0000000000000000     
   1.3286438011406266E-002
   0.0000000000000000     
  -5.8149164175961216E-018
   7.9583439644417251E-020
   1.0236787336523089E-018
   8.4508772168064406E-002
  -8.8711501239223375E-019
   1.0427567885507321E-018
   2.0950969778959468E-018
   4.8862218203259714E-002
  -1.9172379783403733E-018
   2.4191949527890984E-018
   5.7776016014490921E-019
   9.9869147630223769E-019
   1.0513800815051089E-018
  -3.4699336543573732E-002
   5.5800836924847365E-002
  -9.0244592744895326E-019
   2.0386519115946876E-019
   1.2035501162638356E-018
   5.9730653281739009E-003
   1.1933408635637398E-002
  -5.9730653281739009E-003
  -1.1933408635637398E-002
  -2.1684043439514668E-019
  -4.3368086845950560E-019
  -8.4508772168064406E-002
   1.0153589797148068E-017
   7.4353300631106445E-028
  -1.7347234755620161E-018
  -4.8862218203259707E-002
   5.2975378870159928E-018
  -3.0357660824313398E-018
  -3.3083803362061909E-018
   3.0915399019824481E-018
  -1.3010426060018950E-018
  -3.4699336543573732E-002
  -5.5800836924847344E-002
   5.3024754206797430E-018
   5.9730653281739000E-003
   1.1933408635637391E-002
  -5.9730653281739017E-003
  -1.1933408635637393E-002
  -2.0144393835954842E-033
  -1.3010426069826053E-018
   0.0000000000000000     
   3.9460654285931306E-018
   2.7025002832907186E-018
  -4.3121781559054302     
  -1.7347234759768071E-018
   2.3208589461444915E-018
  -3.5630290995230244E-024
  -1.5231566963050387E-020
  -3.0878925000522692E-003
   1.5226380804235388E-020
  -3.4398949311140139E-020
  -2.1747832597401095E-019
  -4.6222240349896131E-002
   6.7086086306023004E-020
  -5.7341631135742627E-019
  -7.3786300168720884E-021
  -5.5251669442489968E-021
  -2.1495748676648603E-020
   2.2137669657048141E-003
  -3.4831828879466880E-003
   1.7304898229709860E-020
  -3.3011151533397740E-021
  -2.9104820617686068E-019
  -1.6755031697365525E-005
  -4.7364780083130583E-003
   1.6755031697365528E-005
   4.7364780083130583E-003
  -4.7290792095627842E-022
  -9.2497551392076311E-019
   3.0878925000522692E-003
  -1.2137232743948224E-018
  -2.1190814229562540E-018
  -4.8788184411926682E-018
   4.6222240349896131E-002
  -4.1849038130085107E-018
  -1.3639034687566472E-017
   2.1683868081395442E-019
  -7.9399933817100163E-019
  -1.7805055775271061E-018
   2.2137669657048141E-003
   3.4831828879466884E-003
  -1.7913791658404341E-018
  -1.6755031697365525E-005
  -4.7364780083130574E-003
   1.6755031697365525E-005
   4.7364780083130574E-003
  -3.0493186101154807E-019
  -9.4867690092481638E-018
   0.0000000000000000     
  -2.7025002832907186E-018
   4.2535445776670757     
  -4.3368086899420177E-019
  -2.5066575154269684E-018
  -1.4139076131626018E-022
  -4.9872583477669010E-020
   1.7714083517633781E-003
   1.6856241768215570E-020
  -1.0139356710643978E-019
  -3.9999656457924695E-019
   3.8983707386426592E-002
   3.3190777193707750E-019
  -1.0097249310212408E-018
  -1.2425352235058913E-020
  -4.1372023020180900E-021
  -1.0216006192213574E-019
  -1.4594069300289862E-003
   1.3299729326411375E-003
   3.7692091800606675E-020
  -3.4357522088442619E-020
  -5.0430347940499159E-019
  -7.8882070086081755E-008
   3.8070603027574243E-003
   7.8882070086076461E-008
  -3.8070603027574260E-003
   9.8245117809946929E-022
   9.7240935893307732E-019
  -1.7714083517633783E-003
   1.0716518124760243E-018
   2.2410541672893180E-018
   5.5293397445562856E-018
  -3.8983707386426592E-002
   3.3323962558095496E-018
   1.5048497511490291E-017
  -9.0307766612968046E-020
   7.2252556553644103E-019
   1.8008343681739231E-018
  -1.4594069300289856E-003
  -1.3299729326411384E-003
   1.7088938884321899E-018
  -7.8882070086093031E-008
   3.8070603027574243E-003
   7.8882070086081173E-008
  -3.8070603027574234E-003
   3.1170812458958281E-019
   1.0625181290357943E-017
   0.0000000000000000     
  -3.9823645691022438E-002
   1.7347234759768071E-018
   7.3452711379247558E-018
  -4.9910618451289145E-022
  -2.6147982622659864E-019
  -2.8224934515021661E-003
   3.2736052669491250E-019
  -4.5894993064310806E-019
  -1.2063433247127848E-018
  -6.8624866342812370E-003
   1.0815757492006100E-018
  -2.1764602857009534E-018
  -5.6530379042015882E-020
  -2.2801717138031568E-019
  -3.9385835803118914E-019
   3.0630056144729466E-003
  -4.5091751968524317E-003
   4.5664386002859300E-019
  -2.5175732664716515E-020
  -8.2219000259112854E-019
  -4.7570647452401202E-005
  -1.0698963132211782E-003
   4.7570647452401202E-005
   1.0698963132211767E-003
  -4.7399708031459639E-031
   2.1684043444241271E-019
   2.8224934515021665E-003
  -7.1161614340467097E-020
   5.4210108614411090E-019
   1.3010426068641932E-018
   6.8624866342812353E-003
   5.0802990639652157E-019
   2.3852447792448432E-018
   4.8487037065530623E-019
  -2.3414861830045626E-019
   4.3368086887323310E-019
   3.0630056144729471E-003
   4.5091751968524335E-003
  -3.2562520459448038E-019
  -4.7570647452401202E-005
  -1.0698963132211767E-003
   4.7570647452401202E-005
   1.0698963132211767E-003
   6.7762635780345803E-021
   1.0842021724855040E-018
   4.5838280771800152E-048
  -3.2010321101496619E-018
   0.0000000000000000     
  -3.5702177625162085E-006
  -6.7329893748687124E-003
  -2.5409216802350924E-020
   5.9556937816561345E-003
  -1.4864114840097921E-002
  -3.7033724960768871E-002
  -2.8678883714477068E-020
  -1.2038897677761401E-002
  -9.8367452371269620E-002
  -7.5609885868279400E-004
  -3.4648788670031379E-003
  -1.2771345069298751E-002
   1.4545255043881195E-020
  -3.8315783424165241E-020
   1.0127053658233253E-002
  -2.1360012379005003E-003
  -7.1619072041531034E-002
  -1.7447776496626815E-005
  -3.3650151453317144E-003
  -1.7447776496626808E-005
  -3.3650151453317148E-003
  -3.5702177625162081E-006
  -6.7329893748687124E-003
  -1.7660838740364817E-018
  -5.9556937816561345E-003
  -1.4864114840097921E-002
  -3.7033724960768871E-002
  -1.6258948096023798E-017
   1.2038897677761401E-002
  -9.8367452371269620E-002
  -7.5609885868279422E-004
  -3.4648788670031383E-003
  -1.2771345069298751E-002
  -1.3857529634774033E-018
  -2.3863215185588388E-018
  -1.0127053658233253E-002
  -1.7447776496626818E-005
  -3.3650151453317157E-003
  -1.7447776496626818E-005
  -3.3650151453317153E-003
  -2.1360012379005003E-003
  -7.1619072041531034E-002
   0.0000000000000000     
  -3.9651126881358243     
   5.9198468841121140E-006
   1.7608449724287021E-002
   7.5476647835833194E-020
  -2.4634421878216770E-002
   3.3135473193294004E-002
   9.3249552645211800E-002
   7.0818302024375436E-019
  -7.4837230678881012E-002
  0.18149806379064962     
   2.3249400487514046E-003
   1.6938509131153225E-002
   2.5238496352499511E-002
  -5.8631135281975703E-020
   8.4895974211929590E-020
  -3.2028268666046598E-002
   1.6255423742419512E-003
   6.9041595568608463E-002
   6.5910318071160851E-005
   1.9038200173577859E-002
   6.5910318071160851E-005
   1.9038200173577859E-002
  -5.9198468841121123E-006
  -1.7608449724287021E-002
  -3.5505579761287931E-018
  -2.4634421878216774E-002
  -3.3135473193294004E-002
  -9.3249552645211800E-002
  -1.9824239135612161E-017
  -7.4837230678881012E-002
 -0.18149806379064962     
  -2.3249400487514050E-003
  -1.6938509131153225E-002
  -2.5238496352499511E-002
  -3.5274691174448978E-018
  -4.1817164447942708E-018
  -3.2028268666046598E-002
  -6.5910318071160865E-005
  -1.9038200173577862E-002
  -6.5910318071160851E-005
  -1.9038200173577859E-002
  -1.6255423742419512E-003
  -6.9041595568608463E-002
   0.0000000000000000     
   4.4052998445783328E-022
   1.1690503313271117E-019
  -3.6774175586516611E-003
  -4.1891689924082121E-020
   2.3313343518788565E-019
  -1.7599795641593063E-019
  -8.2431019228846950E-002
   1.1073447302104574E-018
  -3.1399786585660397E-019
   3.6901438658331552E-020
   3.3457931797318080E-020
   2.6937407985299048E-019
   3.5471818668309455E-003
  -1.4457040470803766E-003
  -1.6684242783535573E-019
   4.2422287890628251E-020
   2.3273368529007136E-019
   7.0424742276941102E-006
  -1.0796777090064342E-002
  -7.0424742276940958E-006
   1.0796777090064340E-002
   1.5997067109065925E-021
   2.2585196676424631E-018
  -3.6774175586516602E-003
   3.4963478675000143E-018
   4.3556230717474614E-018
   1.1224142632668127E-017
  -8.2431019228846950E-002
   1.7953990388148054E-017
   2.2016535038993807E-017
  -2.4478734686229370E-019
   2.6543229548119740E-018
   3.3203074620957533E-018
  -3.5471818668309455E-003
  -1.4457040470803764E-003
   4.2630316077076163E-018
  -7.0424742276940788E-006
   1.0796777090064344E-002
   7.0424742276940992E-006
  -1.0796777090064342E-002
   2.1684043449710089E-019
   8.5651971626354850E-018
   0.0000000000000000     
   0.0000000000000000     
  0.58501808647628217     
  -1.2222864333962992E-017
   0.0000000000000000     
   0.0000000000000000     
   8.0352445092701480E-002
  -1.5502679159367299E-018
   0.0000000000000000     
  -8.5818167267675092E-019
   8.5818167267675092E-019
   0.0000000000000000     
  -3.3011490414017457E-002
   1.4885921700131276E-002
  -1.6933686423560618E-020
  -5.2762766661879546E-019
  -5.1118193485512559E-019
   3.1352185190533156E-002
   2.5776475119563682E-002
  -3.1352185190533156E-002
  -2.5776475119563682E-002
  -9.1428283320337187E-033
  -9.9602773599406926E-022
   3.4646372380573691E-006
  -2.5104516843352849E-021
  -1.5786919342124274E-022
  -2.2817358663815769E-019
   1.8341857521298017E-003
  -2.2738904374914784E-018
  -2.6451022035244349E-020
   4.9465492994111211E-023
  -7.3692815799375281E-022
  -5.3267706163353519E-024
   7.9998248118277864E-007
   2.7362662771933031E-008
  -3.8844585719042958E-023
  -5.8473168365148933E-008
  -5.9234425933834709E-004
   5.8473168365148940E-008
   5.9234425933834709E-004
  -9.2896260198826307E-027
  -1.6940658945086013E-020
   0.0000000000000000     
  0.27886159567553842     
  -5.1917547104988561E-018
   0.0000000000000000     
   0.0000000000000000     
  0.28469711286166399     
  -5.1866317120162674E-018
   0.0000000000000000     
  -3.4456050862711897E-018
   3.4456050862711901E-018
   0.0000000000000000     
 -0.14094365125404543     
   6.4887021804024211E-002
  -6.9932230360138313E-020
  -1.6057351377617139E-018
  -1.5763946378813903E-018
  0.11189658208141595     
   9.8409142104851813E-002
 -0.11189658208141595     
  -9.8409142104851813E-002
  -2.9542011488803492E-022
  -5.8971215274650108E-019
   3.5722022684775236E-003
  -1.5641455529639476E-018
  -4.8721992721381519E-019
  -1.9217737299309265E-018
   3.5377862381445968E-002
  -1.0401758445965884E-017
  -1.6647110980977239E-018
   3.2166532994495458E-019
  -2.0543929321107106E-018
  -2.8278385501672989E-019
   5.3211100875899054E-003
   7.7238673660395417E-004
  -8.3950208586993093E-019
  -3.7912946504364077E-004
  -1.0011398589578873E-002
   3.7912946504364093E-004
   1.0011398589578873E-002
  -2.3293406049493259E-021
  -7.8604657505199081E-019
   0.0000000000000000     
  -10.723462575441321     
  -6.9588349748852196E-002
 -0.13268893930183628     
  -1.9797770050263133E-018
  -1.6532061032830478     
  -2.0510936375516382E-002
  0.25398477199743991     
 -0.28908751519810588     
 -0.28067764728652084     
  -8.3454341258241162E-018
   6.0128219623108251E-021
   3.2115253935842178E-002
 -0.81931921025079368     
 -0.62950019207195629     
   2.1114973590684764E-002
  -5.4688047228977077E-002
   2.1114973590684764E-002
  -5.4688047228977070E-002
   3.4646372380573619E-006
   3.5722022684775245E-003
   2.7016670341603603E-020
   8.0036076177822640E-003
   1.3325737423561196E-003
   8.7043663024242851E-002
   1.5509528038212029E-017
  0.25896767496565082     
   7.1908863357429496E-003
   1.2950959569129348E-003
   6.1568432373938550E-003
   8.9713457519168557E-004
  -2.9740222891579075E-019
   1.2051735895306845E-019
   2.1355982338207868E-003
   4.2868877067130508E-004
   4.6123900815549700E-002
   4.2868877067130475E-004
   4.6123900815549700E-002
   8.4264535458821679E-006
   8.3866982086296601E-003
  -9.6296497219361793E-035
   7.4674669185115340E-020
   2.5679071143784977E-018
   1.5455894536046524     
   1.9797770050263133E-018
   1.8404703281682517E-020
   6.1537638272731796E-018
  -6.0711366669544726E-018
   5.2020069369445377E-018
  0.50943848507217548     
   2.7706687184064435E-002
  -6.0128219623108213E-021
  -4.2681814010004017E-019
   1.2548310599831351E-018
  0.72726588532842074     
  0.53175688038079938     
 -0.72726588532842074     
 -0.53175688038079938     
   1.1963956972430539E-021
   1.3944087708028046E-018
  -8.0036076177822570E-003
   3.4560238733276796E-018
   9.6051389758992929E-019
  -4.7027497681890552E-019
  -1.3610615800032850E-002
  -5.1666076312609943E-018
   2.7616087772169307E-018
  -9.4994399293239480E-019
   4.1128396960182995E-018
   6.1850425762583822E-019
  -1.2831751492089510E-002
  -1.7171565447690871E-003
   1.6517757340085935E-018
   9.6316211083636249E-004
   1.7127621345307963E-003
  -9.6316211083636314E-004
  -1.7127621345307980E-003
   6.7762635780344012E-021
   8.6736173798840355E-019
   0.0000000000000000     
   0.0000000000000000     
   7.2623082973865494E-002
  -6.6687722819374441E-020
   0.0000000000000000     
  -3.2218986007766493E-020
   3.2218986007766493E-020
   0.0000000000000000     
 -0.30225635742541151     
  0.46764535415243791     
  -8.3855999580813547E-018
  -1.6156616781546804E-018
  -6.0591870534712654E-019
  -9.2058697998815470E-002
  -1.0943888019655356E-002
   9.2058697998815470E-002
   1.0943888019655356E-002
  -2.5716511386899964E-022
  -4.8726898305034461E-019
   1.3325737423561196E-003
  -1.1513449254895506E-018
  -5.3926469955646714E-019
  -2.0843002290374782E-018
   2.0849220229790109E-002
  -5.1496804304257853E-018
  -2.6931201794908713E-018
   1.4310170338013369E-019
  -1.0431778463326628E-018
  -2.5701564925638535E-019
   1.6344668200137494E-003
   1.3212431230834683E-003
  -9.7256956905368813E-019
   1.5513559437602083E-004
  -3.5459147181949040E-003
  -1.5513559437602088E-004
   3.5459147181949036E-003
  -2.2764010457459318E-021
  -8.3009228830921433E-019
   0.0000000000000000     
  0.23990183992049166     
  -4.1706301201158649E-018
   0.0000000000000000     
  -1.4673658814376738E-018
   1.4673658814376738E-018
   0.0000000000000000     
  -6.0592688651629242E-002
   2.8742684300224558E-002
  -2.8380308973658146E-020
  -9.3155556500966173E-019
  -1.3217593766452963E-018
   6.4334003709246274E-002
   8.8533573020358608E-002
  -6.4334003709246274E-002
  -8.8533573020358608E-002
   5.5870422675308534E-020
  -1.5782327621642637E-018
   8.7043663024242837E-002
  -1.2225667947961006E-017
  -4.2709851083554775E-018
  -6.7987924061718795E-018
  0.11624406644552808     
  -1.4926176083591060E-017
  -5.8194387814772095E-018
   4.4615224230125924E-018
  -8.6097424320019169E-018
  -2.4596833201979742E-018
   6.2319120331780567E-002
   1.0224618621020181E-002
  -6.5768630624225399E-018
  -1.7793169872624148E-002
  -3.8933617459755633E-002
   1.7793169872624144E-002
   3.8933617459755633E-002
  -4.6078592330633919E-019
  -3.4694469519536142E-018
   0.0000000000000000     
 -0.67603698032956439     
  -8.2830184732224241E-002
 -0.12676225374427849     
 -0.27128057002691897     
 -0.24114571146092009     
  -2.9743846388734053E-018
   3.3322191691849032E-020
  0.15945633561174152     
 -0.43251723041871359     
 -0.44178012736192251     
  -4.6161842875112755E-002
  -9.9499620676062578E-002
  -4.6161842875112748E-002
  -9.9499620676062578E-002
   1.8341857521297980E-003
   3.5377862381445954E-002
  -1.5690685619138118E-017
   1.3610615800032854E-002
   2.0849220229790088E-002
  0.11624406644552812     
  -1.2659308372586711E-018
  0.17317632042348585     
   4.3589213289761543E-002
   4.3960166906396037E-002
   2.9833454394781841E-002
   2.0020875528280493E-002
  -1.1675963201494143E-017
  -6.4416634881404946E-019
   3.0055549030133369E-002
   1.9155139978866201E-002
   7.6282717651323231E-002
   1.9155139978866195E-002
   7.6282717651323231E-002
   3.6845771345776972E-003
   3.7201159216616264E-002
   0.0000000000000000     
   7.4673381077651238E-020
   4.1632160429390120E-018
   3.5142821516529055E-018
   4.1780887877341328E-018
   7.5577711028448166E-002
  0.13812297008773244     
  -3.3322191691849032E-020
   5.3921261881391012E-019
   2.0588840972737187E-018
  0.33806491793100646     
  0.27173688126484313     
 -0.33806491793100651     
 -0.27173688126484313     
  -5.9971849989865814E-019
   6.5444155913448148E-018
 -0.25896767496565065     
   2.8294418003618983E-017
   6.7463669862333839E-018
   6.6855528915583627E-018
 -0.17317632042348585     
   1.4714582868265502E-017
   7.7256048895944534E-018
   3.1888201292482482E-018
   1.2026718345697116E-017
   6.5442925757015343E-018
 -0.14375871017874498     
  -2.5531873012264394E-002
   8.5878204795593181E-018
   5.1546363280479041E-002
   6.0670199577297412E-002
  -5.1546363280479041E-002
  -6.0670199577297426E-002
   1.3010426069826051E-018
   5.2041704279304213E-018
   0.0000000000000000     
  -1.0283227642971944E-020
   1.0283227642971943E-020
   0.0000000000000000     
  -7.9529682647607375E-002
   8.8085117047258993E-002
  -1.5598935675539170E-018
  -6.9004910230824050E-019
  -6.2094843360840437E-019
  -4.5266831512892750E-002
  -1.3870201425911249E-002
   4.5266831512892756E-002
   1.3870201425911246E-002
  -5.0568776227475580E-020
  -2.9963986175872480E-018
   7.1908863357429409E-003
  -2.8544548946201471E-018
  -1.6173530394191880E-018
  -5.8194387814772095E-018
   4.3589213289761550E-002
  -1.2964460521373802E-017
  -7.6854366566910786E-018
   2.0870988425900695E-019
  -4.5240754540008027E-018
  -5.1308525245330467E-018
   6.9492751509042010E-003
   2.7723871400527365E-002
  -7.0080544131003403E-018
   9.5553418302918580E-003
   1.4669297197152978E-003
  -9.5553418302918563E-003
  -1.4669297197153030E-003
  -2.7105054312137601E-019
  -3.2661590446125821E-018
   0.0000000000000000     
   4.4150961311295235E-018
   1.9807562761076271E-018
  -2.6941333124504836     
  -4.7873039639347366E-002
  -5.6108891128597436E-020
  -5.4436436739846807E-019
  -5.6654318421957338E-019
   3.7113220365968716E-002
   4.7810264221229824E-002
  -3.7113220365968716E-002
  -4.7810264221229817E-002
  -6.0559603070352192E-023
  -3.4305704210908459E-019
   1.2950959569129354E-003
  -1.1047494676333628E-018
  -7.6066226667414668E-020
  -5.3968849631945864E-018
   4.3960166906396023E-002
  -1.4043570278153342E-017
  -4.0534447721349739E-019
  -4.4338182690924665E-021
  -7.7923385077080597E-019
  -5.2148530094990362E-020
   1.3411791193140622E-003
   1.3307526395750309E-004
  -1.3520996482666609E-019
  -1.4056926434720664E-004
  -1.4617298171774809E-002
   1.4056926434720653E-004
   1.4617298171774814E-002
  -3.9042924912502902E-022
  -5.7598240413292423E-019
   0.0000000000000000     
  -1.9807562761076271E-018
   2.5078780903613525     
   5.7029029087676403E-002
   5.1910752698628333E-020
  -8.0271380311167592E-019
  -1.5277788780706058E-018
   9.2128547664434943E-002
   9.6276308281565068E-002
  -9.2128547664434943E-002
  -9.6276308281565082E-002
  -7.9701698519216767E-022
  -1.0730980683090061E-018
   6.1568432373938550E-003
  -3.2403845090484549E-018
  -8.1910466819777048E-019
  -1.2645168842231382E-018
   2.9833454394781821E-002
  -1.1319958976745594E-017
  -1.8679736458686947E-018
   6.8437700371141256E-019
  -4.1123688312957055E-018
  -4.4501749757324860E-019
   9.6349448344188841E-003
   1.3691191006192801E-003
  -1.5575480814141681E-018
  -5.1502842923377336E-004
  -7.0734332499581085E-003
   5.1502842923377315E-004
   7.0734332499581085E-003
  -3.0704944337968387E-021
  -1.0028870095490914E-018
   0.0000000000000000     
  -8.0613236294998031E-002
  0.11545145232659605     
  -1.2514218260163090E-019
  -2.1270579176440379E-018
  -1.5564770103050015E-018
  0.11587627795042484     
   7.9822205557241552E-002
 -0.11587627795042484     
  -7.9822205557241552E-002
  -2.9215264285841029E-024
  -2.4297223727774382E-019
   8.9713457519168579E-004
  -6.8954669490503221E-019
  -2.6240475452842351E-019
  -1.8280401606761270E-018
   2.0020875528280489E-002
  -5.6287477504757980E-018
  -1.6919430620429515E-018
   7.1229492697858342E-020
  -5.6830307192443422E-019
  -1.2333118758594989E-019
   9.5822463575376217E-004
   3.3278884624052865E-004
  -4.0639808478123620E-019
  -4.8176076470390161E-005
  -4.4196183185762749E-003
   4.8176076470390181E-005
   4.4196183185762749E-003
  -6.0549620838881626E-022
  -5.8275866771095863E-019
   0.0000000000000000     
   6.6708666254080137E-020
  -6.6939611741222635E-002
 -0.54497642654523859     
  -9.2345939855641754E-002
  0.48260051261844705     
  0.11999617621491046     
  0.48260051261844705     
  0.11999617621491046     
  -7.9998248118277906E-007
  -5.3211100875899080E-003
  -4.7095668667870884E-019
  -1.2831751492089503E-002
  -1.6344668200137494E-003
  -6.2319120331780574E-002
  -9.2410741760261817E-018
 -0.14375871017874489     
  -6.9492751509042062E-003
  -1.3411791193140624E-003
  -9.6349448344188685E-003
  -9.5822463575376249E-004
   1.1196255640079698E-019
  -1.1421259256226369E-019
  -2.5228839415235198E-003
  -4.2876172730584570E-004
  -3.1334193722027795E-002
  -4.2876172730584570E-004
  -3.1334193722027795E-002
  -5.3319569199262890E-006
  -8.3646466419339226E-003
   0.0000000000000000     
  -2.0958627187747512     
 -0.48269861306118234     
 -0.16774830986990186     
  -5.5484763302315561E-002
   3.9559608356099446E-003
  -5.5484763302315582E-002
   3.9559608356099438E-003
   2.7362662771932988E-008
   7.7238673660395417E-004
   4.1810066914065401E-020
   1.7171565447690869E-003
   1.3212431230834681E-003
   1.0224618621020183E-002
  -3.7798679323385972E-019
   2.5531873012264387E-002
   2.7723871400527369E-002
   1.3307526395750309E-004
   1.3691191006192801E-003
   3.3278884624052865E-004
   5.5098927874976651E-020
   2.3876749578103787E-020
   1.5719448840210417E-003
  -6.8978794971298631E-005
  -1.3520427734674308E-004
  -6.8978794971298618E-005
  -1.3520427734674297E-004
   1.8341792994329591E-006
   2.7542349895866903E-003
   0.0000000000000000     
  -8.1671683218791278E-019
   3.9590763754737002E-019
 -0.36016538556639865     
 -0.11935504887301436     
  0.36016538556639871     
  0.11935504887301436     
   7.1569997568077966E-023
   7.1087281383681108E-019
  -2.1355982338207855E-003
   1.8287981486427597E-018
   8.6416952584711418E-019
   3.0054676291162790E-018
  -3.0055549030133362E-002
   1.0139223616806372E-017
   1.2827400239269897E-018
  -2.2700480299846284E-019
   1.8019994956759302E-018
   3.6899807183011928E-019
  -2.5228839415235194E-003
  -1.5719448840210419E-003
   1.4057831363087227E-018
  -1.1612678168615568E-004
   7.0051785034233333E-003
   1.1612678168615574E-004
  -7.0051785034233307E-003
   1.9852334701272664E-021
   1.0401564592282808E-018
   0.0000000000000000     
   0.0000000000000000     
   6.0300902087115915E-002
  0.11526288645295586     
  -6.0300902087115915E-002
 -0.11526288645295586     
  -1.2428488208946953E-026
  -2.3480743498242953E-021
   8.4264535458821679E-006
  -8.2384690572398326E-021
  -2.2842778841769230E-021
  -4.0537002671496824E-019
   3.6845771345776963E-003
  -1.4470711643369464E-018
  -2.7341759677920104E-019
   3.7652629364948362E-022
  -3.8301861802677125E-021
  -6.1440009447418593E-022
   5.3319569199262890E-006
   1.8341792994329593E-006
  -2.2067362803868919E-021
  -1.4137804059380890E-007
  -9.9118589409663647E-004
   1.4137804059380895E-007
   9.9118589409663647E-004
  -2.4815418376590830E-024
  -4.9127910940749420E-020
   0.0000000000000000     
  0.11518656983333546     
  0.14563134076666498     
 -0.11518656983333546     
 -0.14563134076666498     
   1.7924944127061524E-020
  -7.3943414389346134E-019
   8.3866982086296584E-003
  -1.9445940779172067E-018
  -8.0089009605156533E-019
  -3.5467072381524799E-018
   3.7201159216616250E-002
  -8.4459830367066518E-018
  -3.4501843074857875E-018
   2.0361558840861594E-019
  -2.1546996203051222E-018
  -5.7859940703559453E-019
   8.3646466419339156E-003
   2.7542349895866881E-003
  -1.3812314142033686E-018
  -1.2546000857248437E-003
  -1.0121032526082386E-002
   1.2546000857248435E-003
   1.0121032526082386E-002
  -4.7433845046240807E-020
  -1.3823577699190182E-018
   0.0000000000000000     
   0.0000000000000000     
  -2.3231925531007259E-002
  -6.0080083326129623E-002
   5.8473168365148728E-008
   3.7912946504363985E-004
   4.2868877067130296E-004
   9.6316211083635934E-004
  -1.5513559437602015E-004
   1.7793169872624130E-002
   1.9155139978866177E-002
   5.1546363280479013E-002
  -9.5553418302918511E-003
   1.4056926434720567E-004
   5.1502842923377456E-004
   4.8176076470389951E-005
   4.2876172730584353E-004
  -6.8978794971298387E-005
  -1.1612678168615567E-004
   3.7057691442375640E-022
   6.1003842946360590E-003
   4.1806676165343697E-004
   2.6853478838167591E-002
   1.4137804059380832E-007
   1.2546000857248420E-003
   0.0000000000000000     
  -6.0080083326129623E-002
  -9.8653641681102758E-002
   5.9234425933834850E-004
   1.0011398589578847E-002
   4.6123900815549707E-002
   1.7127621345307622E-003
   3.5459147181949092E-003
   3.8933617459755571E-002
   7.6282717651323120E-002
   6.0670199577297350E-002
  -1.4669297197152981E-003
   1.4617298171774831E-002
   7.0734332499580842E-003
   4.4196183185762740E-003
   3.1334193722027857E-002
  -1.3520427734673850E-004
   7.0051785034233533E-003
  -6.1003842946360590E-003
   8.6736173798840355E-019
   2.6853478838167591E-002
   6.9692997806427334E-002
   9.9118589409663647E-004
   1.0121032526082383E-002
   0.0000000000000000     
   0.0000000000000000     
  -5.8473168365149562E-008
  -3.7912946504363990E-004
   4.2868877067130340E-004
  -9.6316211083635967E-004
   1.5513559437602001E-004
  -1.7793169872624144E-002
   1.9155139978866188E-002
  -5.1546363280479075E-002
   9.5553418302918598E-003
  -1.4056926434720569E-004
  -5.1502842923377456E-004
  -4.8176076470390147E-005
   4.2876172730584337E-004
  -6.8978794971298415E-005
   1.1612678168615578E-004
  -4.1806676165343697E-004
  -2.6853478838167591E-002
  -3.7057691442375640E-022
  -6.1003842946360590E-003
  -1.4137804059380908E-007
  -1.2546000857248454E-003
   0.0000000000000000     
  -5.9234425933834731E-004
  -1.0011398589578844E-002
   4.6123900815549700E-002
  -1.7127621345307952E-003
  -3.5459147181949144E-003
  -3.8933617459755564E-002
   7.6282717651323120E-002
  -6.0670199577297350E-002
   1.4669297197152931E-003
  -1.4617298171774835E-002
  -7.0734332499581432E-003
  -4.4196183185762758E-003
   3.1334193722027850E-002
  -1.3520427734674162E-004
  -7.0051785034233351E-003
  -2.6853478838167598E-002
  -6.9692997806427334E-002
   6.1003842946360572E-003
  -8.6736173798840355E-019
  -9.9118589409663603E-004
  -1.0121032526082391E-002
   0.0000000000000000     
   0.0000000000000000     
 -0.58501808647628206     
  -2.3969276447085374E-017
   0.0000000000000000     
   0.0000000000000000     
  -8.0352445092701480E-002
   3.6467122754666716E-018
   0.0000000000000000     
  -1.1170812338839458E-017
   1.1387652773336559E-017
   0.0000000000000000     
  -3.3011490414017484E-002
  -1.4885921700131272E-002
   2.1976674721453100E-017
   3.1352185190533143E-002
   2.5776475119563682E-002
  -3.1352185190533143E-002
  -2.5776475119563692E-002
   3.4694469519536242E-018
   3.4694469519536142E-018
   0.0000000000000000     
 -0.27886159567553842     
   1.6829762558861880E-017
   0.0000000000000000     
   0.0000000000000000     
 -0.28469711286166399     
   3.1779345549546264E-017
   0.0000000000000000     
  -4.6166874108467044E-017
   4.5299512370478641E-017
   0.0000000000000000     
 -0.14094365125404534     
  -6.4887021804024239E-002
   4.6445691284442198E-017
  0.11189658208141591     
   9.8409142104851757E-002
 -0.11189658208141592     
  -9.8409142104851771E-002
   1.3979889541282490E-032
   3.4694469519536150E-018
  -5.4210108624274283E-020
  -10.723462575441321     
   6.9588349748852196E-002
  0.13268893930183631     
  -2.4506348467090426E-017
  -1.6532061032830476     
   2.0510936375516375E-002
 -0.25398477199743996     
  0.28908751519810588     
  0.28067764728652084     
   4.6511361166948383E-017
   3.8562008679405929E-018
   3.2115253935842206E-002
  -2.1114973590684656E-002
   5.4688047228977132E-002
  -2.1114973590684833E-002
   5.4688047228977049E-002
  0.81931921025079368     
  0.62950019207195629     
  -3.2526065174565210E-019
  -5.9765683450086260E-017
  -9.0982807339457871E-018
   1.5455894536046526     
   2.5807391074073031E-017
  -5.1452348636059588E-018
  -1.5869603021263334E-017
   1.3553662642688556E-017
   4.1439416303129063E-017
 -0.50943848507217537     
   2.7706687184064358E-002
  -3.3140997816978387E-018
 -0.72726588532842051     
 -0.53175688038079927     
  0.72726588532842040     
  0.53175688038079927     
  -1.0408340855860844E-016
  -7.6327832942979512E-017
   0.0000000000000000     
   0.0000000000000000     
  -7.2623082973865521E-002
   4.1791792940860052E-017
   0.0000000000000000     
  -1.7181404426713905E-017
   1.8048766164702309E-017
   0.0000000000000000     
 -0.30225635742541157     
 -0.46764535415243802     
  -7.7976323126240073E-017
  -9.2058697998815442E-002
  -1.0943888019655353E-002
   9.2058697998815428E-002
   1.0943888019655342E-002
  -1.7347234759767701E-018
  -8.6736173798840370E-018
   0.0000000000000000     
 -0.23990183992049163     
   2.2306898955736443E-017
   0.0000000000000000     
  -1.7408177093087229E-017
   1.7841857962081431E-017
   0.0000000000000000     
  -6.0592688651629270E-002
  -2.8742684300224555E-002
   2.4439248849525520E-017
   6.4334003709246260E-002
   8.8533573020358608E-002
  -6.4334003709246246E-002
  -8.8533573020358608E-002
   5.2041704279304251E-018
   3.4694469519536126E-018
   0.0000000000000000     
 -0.67603698032956450     
   8.2830184732224241E-002
  0.12676225374427849     
  0.27128057002691897     
  0.24114571146092006     
   6.8482601697519712E-017
   1.6271472603878101E-017
  0.15945633561174150     
   4.6161842875112803E-002
   9.9499620676062592E-002
   4.6161842875112713E-002
   9.9499620676062550E-002
  0.43251723041871354     
  0.44178012736192246     
   0.0000000000000000     
  -1.1022856173803647E-017
  -1.1587338436754939E-016
  -1.2924082144357954E-017
   1.0893489974318957E-017
  -7.5577711028448152E-002
  0.13812297008773236     
  -1.6271472603878101E-017
 -0.33806491793100646     
 -0.27173688126484308     
  0.33806491793100607     
  0.27173688126484302     
  -5.2041704279304201E-017
  -4.8572257327350599E-017
   0.0000000000000000     
  -5.2974575148745167E-018
   5.2974575148745159E-018
   0.0000000000000000     
  -7.9529682647607375E-002
  -8.8085117047258993E-002
  -1.0918041339819778E-017
  -4.5266831512892763E-002
  -1.3870201425911242E-002
   4.5266831512892750E-002
   1.3870201425911246E-002
   1.7347234759768098E-018
  -8.6736173798840490E-019
   0.0000000000000000     
   5.0626003430264908E-017
   3.8803823318812671E-017
  -2.6941333124504836     
   4.7873039639347380E-002
   7.1630035837790297E-017
   3.7113220365968799E-002
   4.7810264221229803E-002
  -3.7113220365968855E-002
  -4.7810264221229817E-002
  -8.3266726846886716E-017
  -3.4694469519536211E-018
   0.0000000000000000     
  -3.8803823318812665E-017
   2.5078780903613533     
  -5.7029029087676403E-002
  -2.9879659897177470E-017
   9.2128547664434957E-002
   9.6276308281565026E-002
  -9.2128547664434901E-002
  -9.6276308281565040E-002
   7.6327832942979500E-017
   2.2551405187698486E-017
   0.0000000000000000     
  -8.0613236294997864E-002
 -0.11545145232659612     
   1.2252321654547668E-016
  0.11587627795042488     
   7.9822205557241538E-002
 -0.11587627795042489     
  -7.9822205557241552E-002
   3.4694469519536026E-018
   1.3877787807814449E-017
   5.7343684500884256E-033
  -1.1158539004294504E-016
   6.6939611741222649E-002
  0.48260051261844666     
  0.11999617621491036     
  0.48260051261844650     
  0.11999617621491047     
 -0.54497642654523870     
  -9.2345939855641754E-002
   0.0000000000000000     
  -2.0958627187747507     
   5.5484763302315436E-002
  -3.9559608356099377E-003
   5.5484763302315623E-002
  -3.9559608356099455E-003
  0.48269861306118239     
  0.16774830986990180     
   0.0000000000000000     
  0.36016538556639888     
  0.11935504887301455     
 -0.36016538556639893     
 -0.11935504887301460     
  -5.8980598183211417E-017
  -1.7347234759768068E-017
   0.0000000000000000     
   0.0000000000000000     
  -2.3231925531007259E-002
  -6.0080083326129630E-002
  -6.0300902087115964E-002
 -0.11518656983333551     
   0.0000000000000000     
  -6.0080083326129630E-002
  -9.8653641681102744E-002
 -0.11526288645295579     
 -0.14563134076666495     
   0.0000000000000000     
   0.0000000000000000     
   6.0300902087115901E-002
  0.11518656983333540     
   0.0000000000000000     
  0.11526288645295585     
  0.14563134076666490     
   0.0000000000000000     
   0.0000000000000000     
   0.0000000000000000     
